0.023446321487426758
0.01631951332092285
0.019713640213012695
0.028265714645385742
0.027739286422729492
0.035970211029052734
0.015916109085083008
0.02402353286743164
0.021657228469848633
0.02232503890991211
0.04389643669128418
0.0159757137298584
0.016355037689208984
0.025142192840576172
0.018769264221191406
0.03198552131652832
0.015672922134399414
0.03600001335144043
0.02429032325744629
0.008955001831054688
0.026740074157714844
0.032254934310913086
0.035706281661987305
0.01593327522277832
0.031967878341674805
0.03262734413146973
0.015353918075561523
0.02797532081604004
0.016289949417114258
0.023652315139770508
0.024271488189697266
0.027701854705810547
0.017453432083129883
0.0424954891204834
0.012270212173461914
0.03704524040222168
0.005222797393798828
0.01738286018371582
0.019962549209594727
0.019975662231445312
0.025701522827148438
0.02224445343017578
0.025651931762695312
0.04241490364074707
0.027902603149414062
0.03600716590881348
0.012414932250976562
0.027835845947265625
0.015958070755004883
0.02368307113647461
0.032128095626831055
0.027882814407348633
0.028566598892211914
0.019359350204467773
0.016229867935180664
0.011989355087280273
0.03195452690124512
0.03198361396789551
0.016086816787719727
0.023699045181274414
0.01836109161376953
0.033514976501464844
0.028010845184326172
0.019939899444580078
0.028676271438598633
0.023726224899291992
0.04358315467834473
0.016299009323120117
0.02761077880859375
0.020004987716674805
0.028072595596313477
0.03618907928466797
0.03575563430786133
0.008265972137451172
0.020372390747070312
0.011257648468017578
0.04005312919616699
0.02390313148498535
0.030130863189697266
0.022336244583129883
0.02751469612121582
0.027957677841186523
0.02802753448486328
0.02817845344543457
0.013596057891845703
0.011135578155517578
0.01935124397277832
0.02155900001525879
0.022011756896972656
0.031938791275024414
0.044069528579711914
0.020316600799560547
0.035674333572387695
0.02791428565979004
0.031975507736206055
0.02792978286743164
0.03209662437438965
0.015810012817382812
0.02812790870666504
0.0279386043548584
0.05205869674682617
0.031923770904541016
0.027910709381103516
0.04005146026611328
0.04401087760925293
0.031949520111083984
0.028484582901000977
0.01996922492980957
0.0435481071472168
0.0319516658782959
0.02039504051208496
0.011924266815185547
0.03244972229003906
0.03116774559020996
0.016319751739501953
0.04368710517883301
0.024438858032226562
0.039513349533081055
0.0399317741394043
0.036019325256347656
0.019747495651245117
0.028125762939453125
0.02800893783569336
0.024470806121826172
0.039516448974609375
0.035974740982055664
0.020372867584228516
0.03155851364135742
0.024499177932739258
0.031538963317871094
0.03997302055358887
0.024113893508911133
0.035650014877319336
0.020540952682495117
0.03213810920715332
0.047441720962524414
0.028408527374267578
0.04750466346740723
0.028518199920654297
0.015114307403564453
0.0362086296081543
0.04397892951965332
0.027895689010620117
0.04812145233154297
0.03997969627380371
0.03591609001159668
0.04005599021911621
0.03592228889465332
0.044039011001586914
0.035930633544921875
0.031900644302368164
0.020578622817993164
0.02729487419128418
0.028039216995239258
0.04815244674682617
0.03193473815917969
0.0480647087097168
0.03200721740722656
0.027833223342895508
0.03204536437988281
0.02456951141357422
0.016335725784301758
0.02765488624572754
0.00816035270690918
0.011548757553100586
0.031590938568115234
0.060137271881103516
0.03255295753479004
0.023122310638427734
0.02802586555480957
0.019735336303710938
0.016834020614624023
0.03542470932006836
0.01169133186340332
0.025007009506225586
0.018988609313964844
0.032251596450805664
0.04001903533935547
0.027889490127563477
0.023885488510131836
0.02394270896911621
0.011783361434936523
0.04036688804626465
0.01651144027709961
0.011806249618530273
0.02436375617980957
0.0280764102935791
0.0156705379486084
0.02740955352783203
0.03198385238647461
0.004002571105957031
0.03597664833068848
0.015745878219604492
0.03220558166503906
0.023920059204101562
0.01661825180053711
0.0273897647857666
0.016660213470458984
0.04328131675720215
0.024954557418823242
0.03505110740661621
0.027881145477294922
0.03195953369140625
0.02475571632385254
0.0352628231048584
0.026541471481323242
0.026314735412597656
0.031981706619262695
0.051056861877441406
0.024883508682250977
0.0228884220123291
0.036164283752441406
0.032868385314941406
0.03909134864807129
0.020648717880249023
0.05135035514831543
0.012973546981811523
0.026899337768554688
0.03992414474487305
0.020943403244018555
0.043004751205444336
0.020806074142456055
0.04315948486328125
0.02890801429748535
0.023860931396484375
0.044821977615356445
0.042308807373046875
0.03596043586730957
0.028939485549926758
0.050989389419555664
0.032889366149902344
0.023049592971801758
0.028925657272338867
0.028070688247680664
0.03206515312194824
0.04684615135192871
0.035978078842163086
0.03603768348693848
0.0439300537109375
0.02394890785217285
0.025023698806762695
0.034995317459106445
0.04795694351196289
0.032996177673339844
0.04700183868408203
0.025012731552124023
0.05506443977355957
0.047890424728393555
0.05597567558288574
0.03702855110168457
0.03595924377441406
0.046894073486328125
0.032952070236206055
0.03906869888305664
0.03696846961975098
0.0471038818359375
0.028858423233032227
0.026743412017822266
0.02518773078918457
0.04291653633117676
0.037009477615356445
0.0359344482421875
0.054978132247924805
0.016918420791625977
0.015811681747436523
0.032340288162231445
0.03186917304992676
0.036542654037475586
0.03598761558532715
0.03993391990661621
0.03889822959899902
0.029042959213256836
0.03888297080993652
0.05444741249084473
0.0650942325592041
0.041052818298339844
0.047324180603027344
0.04404735565185547
0.03991532325744629
0.04800009727478027
0.06405234336853027
0.04104804992675781
0.039388418197631836
0.029118061065673828
0.017569780349731445
0.02808666229248047
0.053281545639038086
0.04657602310180664
0.05201220512390137
0.04001879692077637
0.035948991775512695
0.02093338966369629
0.024350643157958984
0.05066680908203125
0.05196857452392578
0.06392598152160645
0.04125332832336426
0.05874824523925781
0.0358123779296875
0.06017446517944336
0.05189919471740723
0.055948734283447266
0.05592775344848633
0.05604195594787598
0.05598759651184082
0.04395103454589844
0.059981346130371094
0.04798722267150879
0.04924440383911133
0.05478167533874512
0.029072046279907227
0.032218217849731445
0.034554243087768555
0.037672996520996094
0.05861806869506836
0.05054450035095215
0.06168198585510254
0.05024123191833496
0.1051030158996582
0.06390213966369629
0.04757189750671387
0.04328751564025879
0.0617372989654541
0.07938909530639648
0.025665998458862305
0.08111572265625
0.08116674423217773
0.08793067932128906
0.03727293014526367
0.07864022254943848
0.05600285530090332
0.04513192176818848
0.06284141540527344
0.052507638931274414
0.058287620544433594
0.07902312278747559
0.08210992813110352
0.055960893630981445
0.0412139892578125
0.06661224365234375
0.05997753143310547
0.05599379539489746
0.048543691635131836
0.0798037052154541
0.0555570125579834
0.045676469802856445
0.11035895347595215
0.06781387329101562
0.04453301429748535
0.0544435977935791
0.08713197708129883
0.0915069580078125
0.06757307052612305
0.049591779708862305
0.10953831672668457
0.056031227111816406
0.0681161880493164
0.06220293045043945
0.07600998878479004
0.10400867462158203
0.06547355651855469
0.042404890060424805
0.08685874938964844
0.09427762031555176
0.042020559310913086
0.07924008369445801
0.09246659278869629
0.062131404876708984
0.03400921821594238
0.09800958633422852
0.06033062934875488
0.07486462593078613
0.0716104507446289
0.07988953590393066
0.09368062019348145
0.06381773948669434
0.062387943267822266
0.10915517807006836
0.07599020004272461
0.07205605506896973
0.046181678771972656
0.08845949172973633
0.0720829963684082
0.10944652557373047
0.06823205947875977
0.0993800163269043
0.10387778282165527
0.05480051040649414
0.07902741432189941
0.10398650169372559
0.09411454200744629
0.049980878829956055
0.08409690856933594
0.08068513870239258
0.1171255111694336
0.08552670478820801
0.10243463516235352
0.08275866508483887
0.09369945526123047
0.0929713249206543
0.05193519592285156
0.08832073211669922
0.11411285400390625
0.08141183853149414
0.11030292510986328
0.06685090065002441
0.0708615779876709
0.129410982131958
0.10564780235290527
0.11120176315307617
0.0921626091003418
0.055625200271606445
0.059133052825927734
0.07966399192810059
0.10393619537353516
0.09201812744140625
0.06285738945007324
0.08512043952941895
0.13714599609375
0.08139181137084961
0.09842205047607422
0.07493138313293457
0.11324262619018555
0.1079864501953125
0.13215303421020508
0.09578132629394531
0.09383273124694824
0.07225489616394043
0.11015534400939941
0.13565468788146973
0.08167505264282227
0.1150960922241211
0.10183930397033691
0.1691277027130127
0.10397696495056152
0.0934603214263916
0.10712099075317383
0.14347195625305176
0.0919797420501709
0.0857384204864502
0.10442519187927246
0.13944053649902344
0.10109663009643555
0.12168526649475098
0.10496687889099121
0.09723949432373047
0.15787768363952637
0.10198092460632324
0.16904783248901367
0.0782308578491211
0.17783784866333008
0.06568670272827148
0.11476802825927734
0.11422991752624512
0.15110015869140625
0.1037290096282959
0.12510180473327637
0.16509389877319336
0.08170175552368164
0.1832125186920166
0.08983302116394043
0.16524624824523926
0.1057276725769043
0.16628646850585938
0.07990145683288574
0.12393999099731445
0.17602920532226562
0.1007838249206543
0.12522411346435547
0.17813873291015625
0.12807941436767578
0.11615300178527832
0.10505414009094238
0.0864861011505127
0.07200741767883301
0.1518573760986328
0.09226107597351074
0.15223979949951172
0.13199782371520996
0.17131996154785156
0.09647870063781738
0.14020991325378418
0.10197854042053223
0.17382407188415527
0.12209415435791016
0.16745567321777344
0.16343235969543457
0.17209458351135254
0.14005517959594727
0.18245720863342285
0.13042306900024414
0.1472325325012207
0.1827080249786377
0.18330097198486328
0.1719679832458496
0.08295083045959473
0.1772778034210205
0.14623665809631348
0.1538374423980713
0.1833646297454834
0.11679673194885254
0.15314269065856934
0.1741323471069336
0.10868644714355469
0.2050788402557373
0.13309645652770996
0.2013707160949707
0.12024545669555664
0.1953737735748291
0.17186284065246582
0.10020613670349121
0.22340059280395508
0.09244179725646973
0.19564175605773926
0.12847495079040527
0.19948101043701172
0.1600627899169922
0.1300206184387207
0.17459440231323242
0.19108963012695312
0.08300089836120605
0.1520388126373291
0.15981459617614746
0.19343042373657227
0.2198786735534668
0.16003823280334473
0.15792179107666016
0.2206885814666748
0.17364740371704102
0.1813201904296875
0.2099602222442627
0.15822601318359375
0.15648841857910156
0.20002150535583496
0.2531728744506836
0.1762096881866455
0.15596842765808105
0.19580340385437012
0.16837239265441895
0.16671299934387207
0.2690913677215576
0.19591641426086426
0.22021722793579102
0.15143752098083496
0.23186445236206055
0.16664385795593262
0.21658658981323242
0.19316744804382324
0.22349214553833008
0.2160024642944336
0.17781805992126465
0.15231990814208984
0.2324223518371582
0.26558971405029297
0.12561798095703125
0.17688274383544922
0.2893548011779785
0.14223361015319824
0.24763774871826172
0.17804598808288574
0.19012832641601562
0.2065296173095703
0.25144457817077637
0.18425607681274414
0.21004557609558105
0.2533135414123535
0.17432880401611328
0.22824859619140625
0.21202778816223145
0.21547317504882812
0.2818138599395752
0.18001031875610352
0.18821167945861816
0.2022557258605957
0.2177257537841797
0.2361314296722412
0.22733211517333984
0.17838573455810547
0.25150489807128906
0.2623474597930908
0.24283838272094727
0.24520301818847656
0.16780591011047363
0.2343461513519287
0.2204134464263916
0.28932690620422363
0.23465609550476074
0.2918059825897217
0.2177889347076416
0.33129382133483887
0.20809054374694824
0.18994951248168945
0.2658200263977051
0.1785125732421875
0.31237196922302246
0.1761319637298584
0.30568790435791016
0.31531786918640137
0.23998332023620605
0.26331281661987305
0.1472158432006836
0.31168437004089355
0.19614267349243164
0.27335381507873535
0.23146963119506836
0.1989765167236328
0.22037076950073242
0.32909274101257324
0.19692277908325195
0.23795104026794434
0.2912602424621582
0.24750638008117676
0.29413580894470215
0.2917931079864502
0.22257280349731445
0.26928281784057617
0.22273492813110352
0.2240312099456787
0.25210142135620117
0.31810975074768066
0.2748596668243408
0.30025434494018555
0.35127878189086914
0.14345479011535645
0.36396241188049316
0.2369983196258545
0.27513813972473145
0.21163058280944824
0.388319730758667
0.26830601692199707
0.3006751537322998
0.23578810691833496
0.3120152950286865
0.25578808784484863
0.29212284088134766
0.23200154304504395
0.21028590202331543
0.30364012718200684
0.30185532569885254
0.28815269470214844
0.29992079734802246
0.32796645164489746
0.3068058490753174
0.30068421363830566
0.3070380687713623
0.3175163269042969
0.280200719833374
0.34250855445861816
0.3044581413269043
0.2407081127166748
0.29570960998535156
0.27405285835266113
0.35748767852783203
0.2928149700164795
0.33860278129577637
0.2676124572753906
0.37235069274902344
0.31598615646362305
0.2610960006713867
0.26781511306762695
0.2666010856628418
0.31748390197753906
0.1790759563446045
0.28482747077941895
0.33130669593811035
0.3246650695800781
0.32383227348327637
0.31465768814086914
0.36839938163757324
0.2852602005004883
0.2465040683746338
0.40225887298583984
0.3785688877105713
0.1309034824371338
0.39717888832092285
0.3948202133178711
0.24512648582458496
0.37511372566223145
0.32884883880615234
0.39903879165649414
0.15976548194885254
0.14766597747802734
0.3647000789642334
0.3326137065887451
0.2646327018737793
0.43513941764831543
0.26656341552734375
0.4446592330932617
0.28904199600219727
0.383922815322876
0.3871748447418213
0.2964019775390625
0.3403310775756836
0.4394114017486572
0.33229589462280273
0.4162731170654297
0.3638432025909424
0.36006784439086914
0.21701765060424805
0.386688232421875
0.4116063117980957
0.35096025466918945
0.27742457389831543
0.41201186180114746
0.32701849937438965
0.3965775966644287
0.3476734161376953
0.3486664295196533
0.355663537979126
0.34409666061401367
0.4354217052459717
0.3480863571166992
0.3330090045928955
0.4273850917816162
0.3227512836456299
0.4771909713745117
0.39571332931518555
0.3564283847808838
0.4394814968109131
0.3759469985961914
0.40027499198913574
0.4078028202056885
0.3710470199584961
0.30500054359436035
0.44800734519958496
0.34934449195861816
0.3031587600708008
0.392169713973999
0.5182068347930908
0.3688068389892578
0.3248884677886963
0.48331141471862793
0.4875798225402832
0.3200843334197998
0.4203221797943115
0.4795048236846924
0.46370816230773926
0.44399213790893555
0.4166417121887207
0.40811848640441895
0.45595335960388184
0.40332722663879395
0.41641879081726074
0.42035937309265137
0.4711465835571289
0.3880350589752197
0.5082004070281982
0.42394018173217773
0.4043736457824707
0.43515563011169434
0.3726775646209717
0.5111784934997559
0.38788580894470215
0.38012075424194336
0.42017626762390137
0.4318985939025879
0.424457311630249
0.4638371467590332
0.4917261600494385
0.44367265701293945
0.4246256351470947
0.4566624164581299
0.41199207305908203
0.3035097122192383
0.41930723190307617
0.3757505416870117
0.4564504623413086
0.4322390556335449
0.45571184158325195
0.4715092182159424
0.4084649085998535
0.4195528030395508
0.39721250534057617
0.5312490463256836
0.5198395252227783
0.41620492935180664
0.5517165660858154
0.4681518077850342
0.47205114364624023
0.5435686111450195
0.45994067192077637
0.5564351081848145
0.46433091163635254
0.5117778778076172
0.5033624172210693
0.49996423721313477
0.5441687107086182
0.43603062629699707
0.4244992733001709
0.5433714389801025
0.5240767002105713
0.5027127265930176
0.6133840084075928
0.5711288452148438
0.4567220211029053
0.491940975189209
0.4317331314086914
0.4828457832336426
0.5691332817077637
0.5282537937164307
0.48790454864501953
0.5277414321899414
0.5046322345733643
0.5780508518218994
0.5772724151611328
0.48397111892700195
0.45259761810302734
0.6234557628631592
0.5919239521026611
0.46016955375671387
0.5436396598815918
0.527822732925415
0.5597679615020752
0.5486469268798828
0.5917444229125977
0.5041029453277588
0.6113529205322266
0.49229955673217773
0.6078402996063232
0.48808860778808594
0.5522885322570801
0.5238680839538574
0.5037119388580322
0.5721538066864014
0.5195887088775635
0.5844686031341553
0.5680191516876221
0.5800156593322754
0.5713889598846436
0.5682806968688965
0.49986720085144043
0.6562800407409668
0.5436086654663086
0.5318129062652588
0.6001875400543213
0.5799229145050049
0.5642173290252686
0.6318528652191162
0.4916505813598633
0.6883771419525146
0.6280708312988281
0.5724992752075195
0.7111139297485352
0.6720383167266846
0.6839978694915771
0.5877077579498291
0.5643327236175537
0.6557033061981201
0.5599298477172852
0.581820011138916
0.4940183162689209
0.6283369064331055
0.6639115810394287
0.6999838352203369
0.5999701023101807
0.6196832656860352
0.5923540592193604
0.5799529552459717
0.579962968826294
0.6560275554656982
0.6282916069030762
0.6913485527038574
0.6441013813018799
0.6121909618377686
0.6240220069885254
0.6957271099090576
0.6599745750427246
0.5800845623016357
0.719794750213623
0.5719132423400879
0.6640360355377197
0.7397885322570801
0.6525058746337891
0.6558606624603271
0.6760416030883789
0.6081192493438721
0.6235649585723877
0.619917631149292
0.6840646266937256
0.7079629898071289
0.7201120853424072
0.5598056316375732
0.5798928737640381
0.6601784229278564
0.6799497604370117
0.6838638782501221
0.6803426742553711
0.7075481414794922
0.5920956134796143
0.7200760841369629
0.7318615913391113
0.5679996013641357
0.7359576225280762
0.6958081722259521
0.5679779052734375
0.5678465366363525
0.6400492191314697
0.768876314163208
0.7632558345794678
0.5943658351898193
0.7055666446685791
0.6639463901519775
0.679811954498291
0.6404125690460205
0.7475895881652832
0.7762162685394287
0.6756713390350342
0.7841629981994629
0.7760009765625
0.654437780380249
0.8095703125
0.8639688491821289
0.5691094398498535
0.8625278472900391
0.7440333366394043
0.7200825214385986
0.6398911476135254
0.6401393413543701
0.7756879329681396
0.7282717227935791
0.7359230518341064
0.6721155643463135
0.795881986618042
0.7157700061798096
0.6880702972412109
0.6799557209014893
0.7844178676605225
0.7709860801696777
0.6364469528198242
0.7440700531005859
0.6240513324737549
0.6077868938446045
0.772406816482544
0.7838852405548096
0.7877988815307617
0.8237099647521973
0.8481314182281494
0.5157623291015625
0.3319847583770752
0.7441332340240479
0.6360781192779541
0.867652416229248
0.6601676940917969
0.6444594860076904
0.8353300094604492
0.8157274723052979
0.7882988452911377
0.8282947540283203
0.8198063373565674
0.7801163196563721
0.7839686870574951
0.683915376663208
0.6677696704864502
0.7077648639678955
0.7920396327972412
0.6283519268035889
0.8838136196136475
0.7399365901947021
0.7237634658813477
0.9282548427581787
0.7043709754943848
0.7199478149414062
0.8433482646942139
0.7761142253875732
0.7444972991943359
0.7354307174682617
0.7479357719421387
0.8879964351654053
0.7125916481018066
0.7155361175537109
1.0038213729858398
0.8239021301269531
0.6529338359832764
1.030864953994751
0.7806284427642822
0.8513476848602295
0.8605213165283203
0.9474341869354248
0.9011843204498291
0.8669593334197998
0.8718066215515137
0.8718850612640381
0.5839879512786865
0.8199701309204102
0.7040448188781738
1.0199007987976074
0.8599894046783447
0.8200783729553223
0.9648716449737549
0.8509495258331299
0.7400016784667969
0.7719998359680176
0.9320156574249268
0.8684823513031006
0.919553279876709
0.711867094039917
0.888629674911499
0.9193844795227051
0.9519791603088379
0.9600691795349121
0.9397618770599365
0.9001197814941406
0.9439094066619873
0.8208048343658447
1.0510923862457275
0.8561911582946777
1.0156800746917725
1.1120212078094482
1.0067243576049805
0.8410990238189697
0.7919948101043701
0.9360437393188477
0.9280235767364502
0.7998082637786865
0.8121542930603027
0.8599317073822021
