0.023446321487426758
0.019882917404174805
0.019826491673787434
0.02193629741668701
0.023096895217895506
0.02524244785308838
0.023910113743373325
0.023924291133880615
0.023672395282321505
0.023537659645080568
0.025388457558371803
0.02460406223932902
0.023969521889319785
0.024053284100123813
0.023701016108194986
0.02421879768371582
0.023716099121991324
0.024398538801405165
0.02439284324645996
0.023620951175689697
0.023769480841500417
0.02415518327192827
0.024657404941061268
0.024293899536132812
0.02460085868835449
0.024909569666935846
0.024555656645033095
0.024677787508283342
0.024388551712036133
0.024364010492960612
0.024361025902532762
0.024465426802635193
0.024252942114165336
0.02478948761435116
0.024431794030325752
0.024782167540656194
0.024253535915065457
0.02407272865897731
0.02396733944232647
0.023867547512054443
0.02391227861730064
0.023872568493797666
0.02391394903493482
0.02433442527597601
0.024413718117607966
0.024665749591329823
0.0244050939032372
0.02447656790415446
0.02430272102355957
0.024290328025817872
0.024444009743484797
0.024510140602405254
0.02458667755126953
0.024489875192995423
0.024339693242853337
0.024119151490075246
0.024256614216587
0.02438983835023025
0.02424910917120465
0.024239941438039144
0.024143566850756037
0.024294718619315855
0.0243537047552684
0.024284739047288895
0.024352301084078275
0.024342815081278484
0.02462998432899589
0.024507469990674186
0.024552445480788963
0.024487481798444476
0.02453797635897784
0.02469979723294576
0.02485124705588981
0.02462712171915415
0.0245703919728597
0.02439522429516441
0.024598573709463143
0.0245896577835083
0.02465979962409297
0.024630755186080933
0.024666359395156674
0.024706497424986304
0.024746509919683617
0.02478736639022827
0.024655703937306123
0.024498493172401607
0.02443932938849789
0.0244065983728929
0.024379690041702786
0.024463680055406358
0.024679128940288838
0.024631710156150486
0.024750448042346586
0.024784105889340664
0.024859804856149775
0.024891783793767292
0.02496606050078402
0.02487263144279013
0.02490551303131412
0.02493584394454956
0.025204387041601804
0.025270263353983562
0.025295898752305115
0.025437779151476346
0.025614665803455172
0.025674428579942236
0.025700691704438113
0.025647622567635996
0.025811847196806462
0.025867663730274548
0.025818360818398965
0.02569430640765599
0.025754088849093006
0.025801577066120348
0.025719126411106276
0.025874022779793573
0.025861756414429754
0.02597744788153697
0.0260947111274014
0.02617741624514262
0.02612427640552363
0.026140682032850922
0.026155871104418745
0.02614228187068816
0.026249275207519532
0.026326461443825375
0.026279582752017524
0.026320824399590492
0.026306703109149784
0.026346951264601487
0.026450967060700627
0.026433261958035557
0.02650256085216551
0.026458071238959012
0.026500145594278973
0.026654127766104305
0.02666693360266024
0.02681793164515841
0.026830163791025284
0.026746479102543422
0.026813586552937824
0.026934469249886527
0.026941191066395153
0.02708827621406979
0.027177182559309336
0.027237038089804454
0.027324241845786166
0.027382336758278513
0.027494126518300716
0.02755036989847819
0.027579179662742363
0.027533123367711118
0.027531566183551463
0.02753486261739359
0.027667879289196385
0.027695230948619354
0.027824972845186854
0.027851442747478243
0.027851328160028038
0.02787754088640213
0.027856994119490157
0.027785875179149485
0.02778507156606101
0.02766540864618813
0.027567731972896692
0.027591968157205236
0.027786850215432174
0.02781521990185692
0.027787451207990477
0.027788853645324706
0.02774175705268369
0.02767833998036939
0.027723116681754933
0.02763097998739659
0.027615985870361327
0.0275669666853818
0.027593433520214705
0.02766324027200763
0.027664504237681128
0.02764350970586141
0.027623063292951215
0.027536031964061024
0.02760614593172334
0.027545848618382992
0.027460769704870276
0.027444119094520488
0.027447500330879088
0.027384856913952118
0.027384987583866826
0.027409192135459497
0.027286644381378334
0.027331904818614323
0.027271873592712718
0.02729730507762162
0.027279985868013824
0.027225589265628736
0.02722642264390355
0.027173057951108373
0.027254003975259598
0.027242506742477416
0.027281355502000497
0.027284324759303934
0.027307355345176358
0.027294847310758104
0.027333715485363473
0.027329869640683666
0.027324965610596292
0.027347353788522575
0.027460796410957593
0.027448523612249465
0.02742691175632567
0.027468125775175274
0.027493479106347887
0.027547674758412015
0.027515586586885674
0.027625932737633033
0.027558410222629247
0.027555386954491293
0.027611865300566096
0.02758155410939997
0.027651342331554016
0.02762050779016168
0.027690189301700335
0.02769562602043152
0.027678582933213975
0.027754438661896023
0.027818554823619154
0.027854264828196744
0.027859003783313466
0.027959570677384086
0.027980911783325724
0.027959656098793292
0.02796380202657675
0.027964258805299416
0.027981709419412817
0.028061643495398053
0.028095046176186092
0.02812841860186152
0.02819453422993297
0.028176844120025635
0.02816376052951417
0.028191990103603393
0.028273327360427918
0.028292683304333297
0.028369047203842476
0.028355403644282642
0.028463537393793887
0.02854187161691727
0.028652047536459314
0.028685553550720215
0.02871453239623294
0.028786673432304746
0.0288031374512925
0.028843553047480545
0.028875415465411017
0.028946620412170887
0.028946277232485523
0.028937738995219387
0.02892326019905709
0.028977080491872934
0.029007855959779002
0.0290342933349027
0.029132939110237382
0.029086671995394157
0.029036577692571675
0.02904899765674333
0.029059560111399447
0.029087482103660925
0.029113133157496116
0.02915321014545582
0.029189169626834207
0.029188632088548997
0.029224142486795838
0.029316198216737623
0.029446300159801136
0.029488352761752365
0.029552742031937473
0.029604880929850846
0.029641835920272336
0.029707401139395576
0.029829625133093566
0.029869406781298048
0.029903042864041277
0.029900278843624492
0.029857013936628374
0.02985082389591457
0.029932464041360993
0.029990254176987544
0.0300664546992952
0.030100773120748586
0.0301208700920708
0.030089406118001025
0.030069819896294394
0.03013987768264044
0.03021387326515327
0.030327765522776422
0.030364551929512408
0.030459799222498134
0.030477700823525522
0.030576690038045248
0.030647528924023195
0.030731307749716653
0.03081446433618124
0.030897449505956548
0.030979712283025023
0.031022102225060556
0.031116432009768408
0.031171207304124707
0.031229696613299423
0.031305670738220215
0.03129848866600699
0.03130143651595482
0.031311828869219405
0.0313320873649257
0.031418709527878536
0.03147923418238193
0.03157451100153878
0.031633211381780275
0.03186352424860748
0.03196364492177963
0.032012268761608086
0.03204728505626228
0.03213920460396876
0.03228503759996391
0.03226467132568359
0.032414521176390855
0.03256361054353393
0.0327324125824905
0.032746213547726895
0.032885286302277536
0.03295512790046069
0.03299180499042373
0.03308144346013799
0.03313960572202763
0.03321467442299003
0.03335100909074148
0.033495694310445814
0.03356215939719296
0.03358473116669331
0.03368187090929817
0.033758984283268276
0.03382399835084614
0.033866912908526274
0.03400045009546502
0.03406293288521145
0.03409649802081158
0.034316274549500744
0.03441253201714877
0.034441530533711344
0.034498679297310965
0.03464863171264996
0.03481016104871577
0.0349029738234393
0.03494446762537552
0.03515459114397076
0.03521323337983549
0.03530539851896569
0.035380531289724
0.035493705266033376
0.035684024625354346
0.03576654410428288
0.03578488207653741
0.035925581435526696
0.036085889234647645
0.03610214860471961
0.03622001181534731
0.03637327225396678
0.03644326717957207
0.03643667084091724
0.036603084126034295
0.036667039773534894
0.03676972145675331
0.03686312823768595
0.036978172108451314
0.03712937863667806
0.03720035831978981
0.03726716888994374
0.037457348808409674
0.03755901860058465
0.03764980027550145
0.037672193657381954
0.03780514469945618
0.03789464300668582
0.03808097603420416
0.03815929053665756
0.0383178934532126
0.038487298852097465
0.038529343211773745
0.0386334513637278
0.038801023287650865
0.03894249008744574
0.03897064924240112
0.039085474329747016
0.03919105723424612
0.039388359649271905
0.039504870621844976
0.0396633838826523
0.039771663483662824
0.03990682085653893
0.04003948211669922
0.04006914723841032
0.04018917605651552
0.040372609500553706
0.040474191750630294
0.04064660837620865
0.04071115096801607
0.04078523064128304
0.04100245062042685
0.04116050771512729
0.041331340045463745
0.04145501709912525
0.04148941074760215
0.041532131430600513
0.04162423737383119
0.04177438667021602
0.04189516489322369
0.04194543401686122
0.042048723503733364
0.04227568596814868
0.04236881960005987
0.042501962666273686
0.04257880963420416
0.042745863574052814
0.04289973288212182
0.043109740649952606
0.043233382869774184
0.0433518825146856
0.04341941292040816
0.04357497453133821
0.04378911339959433
0.04387701581083152
0.04404187478401043
0.04417535614471788
0.04446326477736372
0.04460007788121015
0.0447121426599835
0.04485495466935007
0.04508010764100236
0.045186940521205476
0.04527910297567194
0.045413221091099604
0.04562595257392296
0.045751168550271754
0.045922191293389945
0.04605487598462051
0.046169639702869636
0.04641954584143039
0.04654356677617345
0.046816404784442586
0.046886214680141876
0.0471765730703485
0.04721752468463594
0.04736664279407223
0.047513918729605656
0.04774158079545576
0.04786436024465059
0.048033369970008635
0.048288960644251394
0.0483617554043373
0.04865490923757138
0.04874423269077392
0.04899640155561043
0.04911893129863698
0.04937144754261806
0.04943710347657563
0.04959698091760725
0.04986771373217826
0.04997650884155534
0.0501369514953353
0.05040929571111152
0.050574200421635004
0.050713138560117305
0.05082802439844886
0.050903252408474306
0.05094768223009612
0.05115967738528211
0.05124584383934549
0.05145712826541278
0.05162527167971299
0.051874635616938274
0.051967367560848625
0.05215044338178833
0.0522536071437733
0.05250478578993112
0.0526482690240919
0.05288449825082787
0.05311149591293178
0.05335531371538756
0.05353261405461161
0.05379572547211939
0.05395178930822555
0.05414138431471538
0.05440216857569696
0.05466309732753738
0.054900076895049124
0.05495663083368732
0.05520274989321918
0.055385548905675194
0.05558284728942749
0.0558384108543396
0.05596008414993743
0.056153674999556216
0.05638822504350727
0.05649199135719784
0.05678622274115534
0.056937033479863945
0.05722191253827639
0.057345974633074184
0.05761714909072006
0.057841160250645056
0.05792406627110073
0.05824726261198521
0.05831391862493742
0.058581093405935085
0.0587168096338661
0.058989608472631884
0.059185107856470104
0.05932185594639723
0.059543961045369936
0.05979693348591144
0.059841470846516615
0.06001809410665227
0.06020890959818094
0.0604631491289794
0.060766797746930806
0.060955526710916384
0.06113952341749274
0.06144169966379801
0.061653808745184106
0.061879594371003925
0.06215846560993662
0.06233904370687958
0.06251568418506386
0.06277318572283684
0.06312907299148703
0.06334004428849291
0.06351253662251449
0.06375843042777816
0.06395251941150105
0.06414281659656101
0.06452164940825231
0.06476407517366303
0.06505036090618997
0.06520916083279778
0.06551495035853955
0.06570016813802194
0.06597601168770241
0.06620811284893621
0.06649460471175841
0.06676643718372692
0.06696798277853189
0.06712260583172673
0.06742152038146532
0.06777922470216717
0.06788343867740115
0.06807948059315304
0.0684767432872012
0.06860892405219403
0.0689291902859437
0.0691240417105811
0.06933973562271199
0.06958384573247509
0.0699068665716195
0.07010961339828815
0.07035728766854886
0.07068053193311388
0.07086333311844545
0.0711404198492077
0.07138802506592655
0.07164080603080883
0.07200888493432682
0.07219769862981942
0.07240016631014892
0.072626395507972
0.07287874221801757
0.07316216702262561
0.07342935930711558
0.07361094473142525
0.07391818817415385
0.07424306622866926
0.07453324749629797
0.07482649452497869
0.07498597894279257
0.07525885595034247
0.07550698345542974
0.07587186386967681
0.07614236511607389
0.07650913997572295
0.07674900380379072
0.07718043569791115
0.07740194180290105
0.07759205594256117
0.07790947241887676
0.07807883790847829
0.07847260787707416
0.07863646585669294
0.07901678652419916
0.07941193883634332
0.07968000458158515
0.07998605926831563
0.08009792246953422
0.0804826175651677
0.08067442528644012
0.08099343089867901
0.08124215189090445
0.08143643302099146
0.08166531990151822
0.08207227289676666
0.08226086157687583
0.08251609137800874
0.08285773483313827
0.08312676856720369
0.0834709921241001
0.08381027895775214
0.08403590907895468
0.08433663458019108
0.08456094299761557
0.08478662304122085
0.08505692158454069
0.08543281324448124
0.0857378484354311
0.08608273026260915
0.08650840610791936
0.08659966633870052
0.08704344673156739
0.08728299125695761
0.08758260074414705
0.087780129378009
0.08825793478560941
0.0885437253921751
0.08887990832139875
0.08911235800272302
0.08946449534399627
0.08972683539525944
0.09004556926216666
0.09026877047880641
0.09045718041843671
0.09079132296822288
0.09112162657187019
0.09142948761582374
0.09175474706938412
0.09212267807339582
0.0924565554777534
0.09277989035067351
0.09311207357303117
0.09345944857818793
0.09374807496343551
0.0941319645922861
0.09445604190620693
0.09468104509206919
0.09498984473092216
0.09526448125488188
0.09566604817260461
0.09596749912343623
0.09633793466873751
0.09659902388002814
0.0970187372268607
0.09735151445974333
0.09759998864215856
0.09785789034583352
0.09811317505886984
0.09844455077929079
0.09856616677561857
0.09884668078767248
0.09919624472022953
0.09953478649929837
0.09987106459072863
0.10019260145233062
0.10059350844812322
0.10086913037655959
0.10108617201292035
0.10153434567508243
0.10194598689653189
0.10198895053976721
0.10242626896610967
0.10285880438674837
0.10306894867247633
0.10347019465623704
0.10380212196720894
0.10423629354028141
0.10431783419873746
0.10438139452612645
0.10476253462047214
0.10509565036896376
0.10532855117408028
0.10580932503191445
0.10604331934122366
0.1065354936344679
0.1068003797046678
0.10720200642295506
0.10760717695597802
0.10788000181231196
0.10821542905006575
0.10869265667643259
0.10901438795405326
0.10945585164530523
0.10982082632384992
0.11017934640704048
0.1103321909051767
0.11072698525020054
0.1111561996960606
0.11149780091397103
0.11173382761807395
0.11216035891662944
0.11246512223642768
0.11286754783760049
0.11319966363434744
0.11353224381215155
0.11387375480533486
0.11419801241914991
0.11464980382959551
0.11497766415724593
0.1152834584636073
0.11572057559710591
0.11601012903493602
0.11651457155217006
0.11690397009856199
0.11723756956190784
0.11768575304904137
0.11804444922341241
0.11843589241726223
0.11883667763580576
0.11918551628355499
0.11944216687376327
0.1198953602231782
0.12021140585917743
0.1204630528388358
0.12083627627446102
0.12138136620384185
0.12172030520765749
0.12199823703061377
0.12249183426789247
0.12298990792174294
0.12325842893740786
0.12366259730592066
0.12414607859176138
0.12460681411919147
0.125039585560641
0.12543417571845977
0.12581618154371108
0.126261710798853
0.12663511445901465
0.1270251328659571
0.12741939931787472
0.12788077808866566
0.12822951036867444
0.12873817288093617
0.12913282797298328
0.12950030570036578
0.12990784613291423
0.13023110807497557
0.1307376870449553
0.1310791852148089
0.13140947907293507
0.13179195164055224
0.1321889180985708
0.13257500580468928
0.1330120270988243
0.1334846412397342
0.13389278336575156
0.13427482390685713
0.13469790473697693
0.13506133090777916
0.1352818130822706
0.1356530881395527
0.13596653129039793
0.13638437213922572
0.1367695995916923
0.13718434893108314
0.13761853707301153
0.13796982938368188
0.1383345741682102
0.13866947446726888
0.13917668321643997
0.1396678610770933
0.14002422327847824
0.14055407185351987
0.14097514863492283
0.14140014991221594
0.14191575050354005
0.14232295270765943
0.14285250789369158
0.14326308056769244
0.14373312495192703
0.14419125143889408
0.14464388882537532
0.14515154425343535
0.14552068014435357
0.14587426518003901
0.14637742615953275
0.1468549220812155
0.14730423749095262
0.14789197995112494
0.1484250238620364
0.14881281882711928
0.1492438843501872
0.14959832506167844
0.150015928392721
0.15054048077484244
0.15101262241601943
0.15143321158734155
0.15190242383248193
0.15234168885208452
0.15287117786075347
0.15339838436671666
0.15380852423589816
0.15417877094453153
0.15475955930086646
0.1552999355589651
0.15567631780365368
0.1561546943043663
0.15661241356375183
0.15710829984657879
0.1575893055308949
0.1581220111963939
0.15854600743920194
0.159100238666978
0.15950757279664204
0.1600549876034915
0.1604550286037166
0.16093229231096795
0.16137382003802742
0.16178978373039682
0.16228779832136284
0.16272089033415824
0.16323148078548994
0.16372094592563763
0.16422371731864083
0.16471486960159137
0.16520109348986523
0.16560382045419925
0.1661935755266593
0.16664665486632274
0.16708450408862363
0.16760319035924123
0.16809639577089885
0.16856965853464362
0.16912250245670146
0.1695069220978256
0.17012462474050977
0.17066915055092394
0.17114638347806954
0.17178691437518753
0.1723796293068836
0.17298509467988324
0.1734753105939139
0.17393677153018738
0.1745048924437109
0.17495886765604726
0.17543752782485064
0.17581188832831018
0.1763430209786679
0.1769146136633816
0.17752710689705484
0.17802119227180704
0.17853715263794515
0.17902001950676827
0.17948730731066012
0.17995351879088786
0.18050709325213765
0.18102716818088438
0.18161918834854446
0.1821550889197534
0.18265281562451963
0.18316306902494045
0.18375494436083434
0.18430421729126328
0.18476018543067615
0.18537587537864272
0.18582017120273633
0.18636921352688673
0.18700386870891675
0.1875370897924504
0.18807292912044568
0.18863060760498046
0.1891094759174678
0.18960486415310623
0.1900949698102773
0.19065693756554855
0.19124478535218672
0.19184508875739698
0.19226227758152414
0.19270127032918272
0.19323009063755225
0.1937800563661392
0.19433319837729496
0.1948811233782849
0.19545845110137183
0.19590461213891766
0.19649356884902783
0.19709443082713118
0.19751024379858523
0.19811320838842786
0.19866991416453247
0.1990825487914698
0.19949411574218953
0.19998525855533256
0.20061876752594265
0.2012446152089833
0.20168141656451755
0.20224066765009366
0.20275253652204694
0.2032808415253429
0.20376439432127286
0.2043653061376751
0.20499648821538122
0.20551542410382626
0.20615270116780823
0.20677959696032164
0.20727152903001386
0.2079326692972696
0.20865200721381003
0.20904681272600723
0.20976178103515825
0.21034568437461645
0.21090216563778674
0.21136998350253672
0.2118370525198045
0.2124506008119137
0.21301127594450245
0.2135790411734814
0.2140763692897209
0.21470671123698887
0.21524898753021704
0.21576014570287755
0.21626143682080262
0.21687433480444848
0.21747143797833343
0.21792243422681729
0.21848818435463854
0.21892380535154415
0.21934104042503455
0.21993382260730412
0.22053762498198026
0.22114432151304847
0.2217880882259108
0.22245654428781286
0.2227692370221559
0.2228855474815328
0.22344006629700355
0.22387857644894932
0.22456198816846132
0.22502392422988585
0.22546824156227757
0.2261135979304238
0.2267368684107355
0.2273298588826261
0.2279637880969148
0.22858743672627166
0.22916799344514546
0.22975138008406484
0.2302284431056816
0.23068756296652188
0.2311876439948252
0.2317749235642518
0.23218975306554818
0.23287065574741664
0.23339995212992945
0.23391128009004564
0.2346345546344916
0.23512335423996494
0.23562732977083964
0.2362584003159314
0.2368184167319808
0.23734450883815944
0.2378601260313583
0.23838760860210367
0.23905869210061947
0.2395473742017559
0.24003808424644862
0.2408246787765613
0.24142455269770366
0.24184748104640416
0.24265756058741889
0.24320932559477978
0.24383241817599438
0.24446362482732736
0.24518240863316385
0.24585248208752206
0.2464862645888815
0.24712369614541835
0.24775990934818679
0.24810195211719036
0.2486831189655676
0.24914541510761087
0.24992711427971026
0.2505452118383715
0.2511216624063036
0.25184335096299465
0.25244850871538876
0.2529404897141288
0.2534637350228525
0.25414707029213957
0.25476511383440414
0.2554332426444969
0.2558915095635686
0.2565261516551914
0.25719033835646143
0.2578858226627201
0.2585880060195923
0.259268499397255
0.2599080715350762
0.26059002700379696
0.2611480098796556
0.26193402418449746
0.2625247370414658
0.2632726569398276
0.26411466939108713
0.26485065520695816
0.265421198146178
0.2659420424705679
0.26660419829749304
0.2672571295693973
0.26778232792660567
0.26831865498585067
0.2689009512972644
