25.0
24.0
24.0
24.0
25.0
25.0
25.0
24.0
25.0
24.0
24.0
25.0
24.0
24.0
24.0
24.0
25.0
28.0
25.0
24.0
26.0
35.0
26.0
27.0
25.0
24.0
24.0
24.0
24.0
24.0
25.0
24.0
25.0
27.0
27.0
38.0
24.0
24.0
24.0
24.0
24.0
23.0
24.0
24.0
24.0
24.0
23.0
24.0
37.0
25.0
24.0
34.0
24.0
23.0
23.0
23.0
24.0
22.0
23.0
23.0
23.0
30.0
23.0
23.0
23.0
23.0
25.0
23.0
23.0
24.0
36.0
23.0
24.0
23.0
23.0
23.0
23.0
24.0
23.0
24.0
23.0
22.0
22.0
23.0
22.0
23.0
23.0
22.0
23.0
24.0
24.0
23.0
23.0
23.0
24.0
24.0
25.0
25.0
24.0
25.0
