31.0
32.0
31.0
32.0
32.0
32.0
32.0
31.0
32.0
31.0
32.0
32.0
33.0
31.0
33.0
33.0
32.0
32.0
33.0
33.0
33.0
32.0
32.0
32.0
32.0
33.0
32.0
33.0
33.0
33.0
37.0
33.0
37.0
33.0
32.0
33.0
43.0
37.0
33.0
32.0
32.0
33.0
32.0
32.0
32.0
32.0
32.0
49.0
33.0
35.0
35.0
35.0
35.0
35.0
35.0
34.0
35.0
35.0
37.0
36.0
35.0
35.0
34.0
35.0
34.0
34.0
34.0
34.0
34.0
34.0
34.0
37.0
34.0
34.0
32.0
32.0
35.0
35.0
38.0
34.0
34.0
51.0
34.0
37.0
34.0
34.0
36.0
35.0
34.0
49.0
34.0
34.0
34.0
35.0
34.0
34.0
34.0
35.0
34.0
35.0
