14.0
14.0
13.0
13.0
14.0
13.0
14.0
14.0
14.0
14.0
13.0
13.0
13.0
14.0
13.0
14.0
14.0
13.0
14.0
14.0
14.0
14.0
14.0
14.0
13.0
14.0
14.0
13.0
14.0
14.0
14.0
14.0
14.0
14.0
14.0
14.0
14.0
14.0
14.0
13.0
14.0
14.0
14.0
14.0
14.0
13.0
14.0
14.0
13.0
20.0
13.0
13.0
20.0
13.0
13.0
20.0
13.0
14.0
13.0
14.0
14.0
14.0
14.0
27.0
21.0
14.0
20.0
13.0
20.0
13.0
13.0
13.0
14.0
14.0
22.0
14.0
13.0
14.0
13.0
14.0
13.0
13.0
13.0
13.0
13.0
14.0
14.0
13.0
13.0
13.0
14.0
14.0
14.0
14.0
14.0
14.0
14.0
14.0
14.0
14.0
