29.0
29.0
29.0
28.0
28.0
29.0
29.0
29.0
29.0
30.0
30.0
31.0
45.0
31.0
31.0
46.0
35.0
31.0
31.0
31.0
45.0
45.0
26.0
36.0
31.0
28.0
42.0
43.0
27.0
26.0
27.0
28.0
27.0
28.0
30.0
28.0
27.0
27.0
27.0
29.0
27.0
27.0
27.0
32.0
32.0
28.0
28.0
27.0
42.0
28.0
27.0
27.0
27.0
27.0
27.0
40.0
27.0
31.0
27.0
27.0
27.0
27.0
27.0
28.0
28.0
28.0
28.0
27.0
27.0
27.0
27.0
27.0
27.0
27.0
27.0
26.0
26.0
27.0
27.0
27.0
28.0
29.0
28.0
28.0
28.0
28.0
29.0
27.0
42.0
27.0
27.0
27.0
27.0
27.0
27.0
27.0
27.0
27.0
27.0
27.0
