43.0
42.0
43.0
43.0
44.0
44.0
44.0
44.0
44.0
44.0
44.0
44.0
45.0
45.0
44.0
44.0
45.0
44.0
44.0
44.0
60.0
41.0
41.0
42.0
42.0
45.0
42.0
42.0
42.0
54.0
42.0
42.0
44.0
43.0
42.0
44.0
44.0
44.0
42.0
43.0
43.0
43.0
43.0
40.0
41.0
42.0
41.0
40.0
40.0
42.0
43.0
44.0
44.0
44.0
43.0
42.0
42.0
42.0
43.0
41.0
42.0
44.0
43.0
44.0
42.0
42.0
44.0
43.0
42.0
41.0
42.0
41.0
41.0
41.0
41.0
43.0
45.0
44.0
43.0
43.0
44.0
43.0
42.0
41.0
42.0
41.0
42.0
41.0
43.0
42.0
43.0
42.0
42.0
43.0
42.0
44.0
41.0
40.0
41.0
42.0
