18.0
19.0
18.0
18.0
19.0
18.0
18.0
19.0
18.0
18.0
18.0
18.0
18.0
18.0
18.0
18.0
18.0
18.0
18.0
18.0
18.0
18.0
18.0
18.0
18.0
18.0
18.0
25.0
18.0
18.0
18.0
27.0
18.0
19.0
18.0
19.0
19.0
19.0
19.0
19.0
19.0
19.0
19.0
19.0
19.0
20.0
19.0
19.0
19.0
23.0
20.0
19.0
20.0
20.0
19.0
19.0
19.0
28.0
19.0
19.0
19.0
20.0
31.0
31.0
20.0
24.0
20.0
20.0
20.0
20.0
30.0
19.0
19.0
20.0
20.0
20.0
20.0
20.0
20.0
20.0
21.0
20.0
20.0
20.0
20.0
20.0
20.0
20.0
20.0
20.0
20.0
20.0
30.0
20.0
30.0
20.0
20.0
19.0
20.0
19.0
