40.0
38.0
39.0
39.0
37.0
35.0
36.0
36.0
36.0
36.0
36.0
36.0
36.0
36.0
36.0
37.0
37.0
37.0
38.0
54.0
37.0
37.0
37.0
37.0
36.0
36.0
36.0
36.0
36.0
37.0
37.0
37.0
39.0
37.0
37.0
38.0
37.0
37.0
40.0
38.0
58.0
37.0
38.0
37.0
38.0
37.0
38.0
38.0
38.0
39.0
52.0
38.0
54.0
40.0
39.0
48.0
42.0
41.0
39.0
40.0
39.0
39.0
40.0
39.0
39.0
39.0
39.0
39.0
39.0
39.0
39.0
39.0
39.0
39.0
39.0
39.0
39.0
39.0
40.0
40.0
39.0
39.0
39.0
41.0
39.0
38.0
38.0
38.0
38.0
37.0
40.0
38.0
38.0
37.0
49.0
39.0
39.0
39.0
39.0
38.0
