0.0008203983306884766
0.0006072521209716797
0.000621795654296875
0.0006728172302246094
0.0010230541229248047
0.0007779598236083984
0.001009225845336914
0.0006744861602783203
0.0008168220520019531
0.0006010532379150391
0.0007121562957763672
0.0007441043853759766
0.0006630420684814453
0.0007376670837402344
0.0007431507110595703
0.0006892681121826172
0.0006570816040039062
0.0007443428039550781
0.0007536411285400391
0.0006313323974609375
0.0006966590881347656
0.0005972385406494141
0.0006308555603027344
0.0007889270782470703
0.0006678104400634766
0.0007145404815673828
0.0006601810455322266
0.0008401870727539062
0.001020669937133789
0.0009214878082275391
0.0006496906280517578
0.0006024837493896484
0.0007441043853759766
0.0007147789001464844
0.000652313232421875
0.0007078647613525391
0.0006678104400634766
0.0006220340728759766
0.0006928443908691406
0.0006697177886962891
0.0007281303405761719
0.0009157657623291016
0.0008859634399414062
0.0006282329559326172
0.0008702278137207031
0.0007991790771484375
0.0005733966827392578
0.00061798095703125
0.0005857944488525391
0.000705718994140625
0.0006842613220214844
0.0006320476531982422
0.0006468296051025391
0.0006649494171142578
0.0005757808685302734
0.0006642341613769531
0.0006017684936523438
0.0012624263763427734
0.0006091594696044922
0.0005574226379394531
0.0006039142608642578
0.000690460205078125
0.0006756782531738281
0.0006313323974609375
0.0006144046783447266
0.0007038116455078125
0.0006635189056396484
0.0007119178771972656
0.0006761550903320312
0.0006220340728759766
0.0006740093231201172
0.0005707740783691406
0.0007107257843017578
0.0007009506225585938
0.0007185935974121094
0.0008137226104736328
0.0006897449493408203
0.0006029605865478516
0.0005898475646972656
0.0006406307220458984
0.0007128715515136719
0.0006570816040039062
0.0006406307220458984
0.0007388591766357422
0.0005331039428710938
0.0006344318389892578
0.0005328655242919922
0.0006246566772460938
0.0007250308990478516
0.0006215572357177734
0.0005805492401123047
0.0005373954772949219
0.0006048679351806641
0.0007817745208740234
0.000850677490234375
0.0007309913635253906
0.0005939006805419922
0.0006060600280761719
0.0006890296936035156
0.0006563663482666016
