0.000404
0.000351
0.000736
0.000593
0.000356
0.000429
0.000383
0.000451
0.000353
0.000499
0.000422
0.000397
0.000355
0.000648
0.000586
0.000572
0.000551
0.000343
0.000602
0.000601
0.000352
0.000397
0.000504
0.000581
0.000343
0.000415
0.000403
0.000471
0.000420
0.000380
0.000393
0.000429
0.000382
0.000351
0.000528
0.000404
0.000646
0.000482
0.000361
0.000640
0.000391
0.000360
0.000525
0.000488
0.000352
0.000352
0.000354
0.000499
0.000381
0.000360
0.000374
0.000496
0.000614
0.000379
0.000363
0.000475
0.000352
0.000352
0.000360
0.000352
0.000367
0.000351
0.000397
0.000606
0.000469
0.000351
0.000361
0.000367
0.000367
0.000600
0.000351
0.000442
0.000462
0.000379
0.000352
0.000352
0.000545
0.000619
0.000566
0.000604
0.000369
0.000626
0.000351
0.000352
0.000403
0.000351
0.000352
0.000395
0.000632
0.000603
0.000382
0.000382
0.000402
0.000360
0.000362
0.000352
0.000395
0.000381
0.000411
0.000381
