2828241
5215069
1370981
1372441
411418
4974239
3750522
411496
1445272
2713011
1372177
2073530
4093813
407504
2665863
1985265
2328988
2759684
777118
2034855
2620066
4094129
2915083
4515598
938749
1645672
2718368
1824219
5144115
2896155
2102048
3309006
3432043
1937444
1844390
3332620
1617245
3379434
2630249
1515563
3011133
2350303
3025001
2134174
1847742
2552198
966207
1368397
410087
4104137
3299317
3348807
4493061
4078457
3983803
904769
1829910
4067034
4479490
1827414
411161
4101906
967612
1273229
3983838
3940142
3909761
1372705
2628940
4007068
2486300
3589218
3304747
2650443
967970
1895535
1829876
3983767
4343058
1379392
1375934
4797312
1881825
1823961
410357
4094214
1637052
4076287
2707402
967563
3303022
4608292
3983770
2484697
672841
968572
4067481
1953756
969176
4169662
970912
5097272
2348556
4068035
3017108
3365544
2467018
4087698
3075890
4609990
3379567
5211336
2484682
4132076
3084695
4942519
1834693
3924427
4151157
3239659
4993721
3996649
2955009
4171952
973627
3326362
5125738
4068875
3060428
1372742
3367776
5198282
2471272
4094307
3079026
4611535
1617412
3389600
2485079
4139574
3085203
4942553
1851742
3981100
4152580
5022502
1957041
5085747
4006997
2992398
4172956
1005255
5149324
2384638
4075035
3067084
1379974
3370057
5202779
2473797
3082253
5261284
4144910
4942606
1930081
3983748
4157048
3304574
4158549
969161
3305234
5086345
4028944
2998180
3356286
3360074
5181299
2461179
4078127
3070941
1381041
3377989
5208070
2480639
4120707
3083404
1826625
2600783
4149200
3131317
4942659
1944279
3983763
4168283
969192
2348161
4067372
3012432
4281088
1372110
3363684
5186813
2462704
4083450
3073903
4608552
3379359
2484031
4127443
3084536
4940113
1834431
2614381
4150488
3239617
4942726
1947175
3983775
3983858
4171236
971398
5102676
2349725
4068205
4438223
1372581
3367067
5192800
2470631
3076767
4610502
3380876
5211607
2484873
4136694
3085049
4942546
2629011
4151474
3248183
5004989
1953736
5041107
1992714
4003497
2991580
4172236
974495
5142645
2350521
4069191
3063599
3367953
5200831
2471331
3081732
4612796
3509263
2485621
4143201
3085325
4942558
3983692
2641551
4153858
5086072
4010624
2992548
4173276
3347988
5166083
2448168
3067668
4577310
1380791
3376738
5206950
2478809
3083095
4613401
5291207
4146994
3107929
4942639
3983758
4157780
968778
3304796
4166580
969175
3306266
5088509
4064643
3004216
4218603
3356784
3360927
5184344
3072181
1381269
3378289
5208733
2482758
3083758
3807303
2600809
4149813
3239562
4942665
1946435
2809907
4169584
970667
3310520
5096060
2348402
4067833
3015104
1372320
3364297
5189541
2465812
4087586
3075645
4609948
5210429
2484505
4131928
3084634
4942510
1834689
3914807
4150893
3239656
1948477
3983800
3996639
4171562
3316935
2350180
4068370
3056766
1372737
3367573
5194613
2471262
3078361
4611147
3384182
5214277
2485066
4139388
3085196
4942552
1847805
3978562
2629165
4152575
3263889
5021715
1955324
5084076
2037035
4006973
2992259
4172726
981023
3344226
2371201
4074763
3066717
3369976
5202303
2471474
4098845
3082020
4613086
1715147
2486257
4144036
3085646
4942566
1929914
3983746
2655545
4155443
3304266
969153
3305232
5086301
2998111
3355106
3359530
5179204
2460140
4077941
3068885
4585494
1381019
3377808
5207742
2479771
4120242
3083363
4616656
1824568
3738822
3123308
4942653
1942411
4168034
969180
3308218
5092292
5185616
2462643
3073171
4608335
1382434
3379112
5208986
2483609
4126699
3084527
4836350
1834393
3862335
2601016
4150414
3239609
4942707
1946767
3983773
3983846
2892667
4170595
971366
3312028
5097832
2349481
4068201
4368785
1372565
3365885
2468907
3076719
4610327
3380273
5211375
2484738
4136645
3084972
4942541
3937795
2628951
4151323
758641
3239684
1953553
4003397
2990061
4172073
974289
3331466
5139783
2350458
4069147
3063452
4508573
5200264
2471296
4095106
3081532
5222536
2485177
4142418
3085300
4942556
3983677
4153411
3287153
5032031
5086054
2132243
4007122
2992507
4173174
3346566
5154472
2414394
3067546
3375661
5206761
2477345
3082866
4613357
5290708
2490877
4146966
3085903
4942624
1931717
3983756
4157766
4166423
969170
3305477
5087895
4064087
3000291
4190758
3356511
3360782
5184324
4078238
3071593
1381068
3378231
5208449
2482447
4123702
3083709
4761713
1829240
3787378
2600788
4149636
3216617
4942661
1946427
3983766
2833287
4169178
969218
5095836
2348379
4067673
3013412
3363882
5188234
2464224
411761
3074606
4609396
3379440
5209881
2484409
4130783
3084609
4942502
1834678
3239649
3983791
3996619
2905215
4171457
971483
3314108
5104124
2350010
4068335
3050277
3367181
2471105
3078120
4610743
3382932
4139305
4942551
2629076
4152290
3259612
5013281
1955142
2992249
4172589
3339145
5144419
2351281
4071710
3066513
3369011
5201879
2471463
3082019
4612995
3533076
5241695
2485765
4143862
3085399
4942563
1918165
3983744
4155037
3305171
5086219
4014780
2998043
1211425
3353671
3359423
5173728
2459866
4077616
3068210
4579938
1380913
3377047
5207413
2479720
4117471
416550
3083319
4613436
3714005
2514866
4148100
4942645
3983761
4158350
969075
4167708
969179
5091415
2336950
4066731
3007877
4272758
3358565
3362784
2462294
4081623
3073058
3378661
5208984
2483418
4125917
3084339
1834121
4150354
3239574
4942685
1946722
2856923
4170157
3311450
5097499
2348668
4357552
1372514
3365847
5191283
4089918
3076612
3379595
5211371
4136524
3084810
4942526
3935331
4151221
3239674
4994457
1953543
4000142
2989933
4171989
974273
3328074
5128304
2350344
4068955
3063261
4503646
1375684
3367805
5198804
2471282
3080475
4611746
2485126
4140270
417355
3085272
4942554
1853344
3983676
4152814
5027291
1957147
5085964
2992444
4173033
3345560
5150474
2393687
4075992
3067523
1380299
5204254
2475092
3082291
4613356
3564143
5273680
2486599
4145646
3085883
4942607
1930240
3983749
2703213
4157250
3304688
4158830
969166
3305342
5086361
2293636
4061623
2999393
4174564
3356509
3360617
5182499
2461317
4078216
3071465
4595772
1381064
5208287
2482025
4123103
3083553
3764485
4149588
3207997
4942660
1946320
3983765
2791683
4168720
969214
3309208
5092903
2348186
3012642
3363702
5186835
2463154
3074198
4608750
1447841
5209158
2484214
4130370
3084556
4942480
1834641
3884151
4150498
3239637
1948052
3983784
2831939
3996590
971455
5103358
2349834
4068268
3045661
1372660
3367174
5193207
2470915
4094011
3077937
4610692
5211785
4136894
3085178
4942548
1844973
3955980
2629014
4152114
3256320
5006631
4003511
2991800
4172538
3333116
2350632
4071580
3064474
4528951
3368975
5201136
4096377
3081754
4612896
1691983
5226589
2485704
4143384
3085393
4942559
1902451
3983694
2647489
4154885
3302206
5086079
4011977
2994896
4174410
3358732
5173711
2452470
4077386
3067769
4577492
1380799
3376824
5207375
2479667
4111201
3083219
1824193
3706419
2513424
4148056
3116286
4942640
3983760
4157951
969027
3304813
4167706
3306716
5089251
4065402
3007319
4248128
1364573
3358085
3361088
5185007
4078919
1381571
5208888
2483410
4125004
3084013
4777976
2600992
4150259
3239566
4942682
3983768
2811008
