2052604
4924094
4759882
3027152
3172408
2025428
3162221
3384441
4646835
3178787
2043701
2343242
3125843
2613466
4007325
3722804
3967092
4880440
3187180
3579440
2331996
2901918
4630494
2554215
2944844
3541660
2320887
3200519
3910764
2743974
2612743
4094235
3995331
4888408
2532441
3689594
3102996
4067495
4609364
3959467
2559810
4016143
4667850
2563811
3123395
3926584
5100825
3618054
2720767
3623203
4417712
3820249
3112478
4881317
4328716
3139924
4799882
3819841
5142383
2748276
4079999
1955533
3315535
4653724
4775589
2912084
4369403
2297417
4018464
2562052
3872804
4093764
3769752
3519172
3303591
5007151
4851534
2666760
2543016
3905535
4064335
4022460
2884415
4265061
4173006
4250496
2827012
3997763
3983764
4473031
2301310
4477472
5011767
4337291
3648394
4732365
4347264
4476141
4926216
5041254
4256357
4053564
4465982
3504144
3239620
3952431
4286147
4609908
2560953
3320265
3694548
3172596
4319664
3406234
4440635
4452942
3638418
4978650
4802363
4344342
5079320
4395264
5091934
2084001
4777027
3094175
5098805
3062710
5294588
4152719
4596878
4312341
4453748
3305801
2213542
4383658
3943478
4762765
2630863
3868786
4501169
2348003
5011647
3655538
3940515
4651074
2235442
4487123
4815469
2743678
5027257
3520044
2832043
3869841
4707576
4621416
4099209
5014284
4315156
2691751
4143704
5025077
4331097
3474866
3992289
4225713
5027541
3828210
2412077
2889855
4252844
3880285
3011270
4300688
3660030
4117412
4323855
4480720
2192420
5027218
4530648
4234762
4394919
4690992
3304787
3372023
4431666
4753488
5013720
4313215
2686649
4134059
3990581
4220754
5027521
4381443
3530411
3822540
4659784
3877436
4080362
2953004
5213401
3396156
4761264
4115896
5023856
3092495
3434848
5027079
4337851
4507832
4887453
3197942
4390484
3538262
4685697
2494275
4942599
4428687
3886297
4093822
5013716
3369365
4624658
4129438
5024310
4492309
4833919
5027515
2856843
4375478
3384789
4438983
4621510
4760621
5023205
3085344
2163761
4792043
4150998
5026946
3501527
4506367
3764077
4388816
3840652
2494229
4427105
5012901
3342033
3399211
3681798
3948781
5024298
