train/test = 94/9668
precision    recall  f1-score   support

           0       0.00      0.00      0.00      1938
           1       0.24      1.00      0.38      2284
           2       0.00      0.00      0.00      1947
           3       0.00      0.00      0.00      1382
           4       0.00      0.00      0.00      1265
           5       0.00      0.00      0.00       852

    accuracy                           0.24      9668
   macro avg       0.04      0.17      0.06      9668
weighted avg       0.06      0.24      0.09      9668


----------------------------------------------------------------
train/test = 193/9569
precision    recall  f1-score   support

           0       0.00      0.00      0.00      1918
           1       0.24      1.00      0.38      2261
           2       0.00      0.00      0.00      1927
           3       0.00      0.00      0.00      1368
           4       0.00      0.00      0.00      1252
           5       0.00      0.00      0.00       843

    accuracy                           0.24      9569
   macro avg       0.04      0.17      0.06      9569
weighted avg       0.06      0.24      0.09      9569


----------------------------------------------------------------
train/test = 559/9277
precision    recall  f1-score   support

           0       0.51      0.08      0.13      1860
           1       0.39      1.00      0.56      2192
           2       0.99      0.41      0.58      1868
           3       0.43      0.71      0.53      1326
           4       0.94      0.33      0.48      1214
           5       0.00      0.00      0.00       817

    accuracy                           0.48      9277
   macro avg       0.54      0.42      0.38      9277
weighted avg       0.58      0.48      0.42      9277


----------------------------------------------------------------
train/test = 682/9112
precision    recall  f1-score   support

           0       0.97      0.89      0.93      1827
           1       0.81      1.00      0.89      2153
           2       0.99      0.88      0.93      1835
           3       0.86      0.88      0.87      1302
           4       0.91      0.88      0.89      1192
           5       1.00      0.82      0.90       803

    accuracy                           0.90      9112
   macro avg       0.92      0.89      0.90      9112
weighted avg       0.91      0.90      0.91      9112


----------------------------------------------------------------
train/test = 1078/8788
precision    recall  f1-score   support

           0       1.00      0.99      1.00      1762
           1       0.99      1.00      0.99      2076
           2       0.99      0.99      0.99      1770
           3       0.96      0.97      0.97      1256
           4       0.94      0.97      0.96      1150
           5       0.99      0.92      0.95       774

    accuracy                           0.98      8788
   macro avg       0.98      0.97      0.98      8788
weighted avg       0.98      0.98      0.98      8788


----------------------------------------------------------------
train/test = 1257/8546
precision    recall  f1-score   support

           0       1.00      1.00      1.00      1715
           1       0.99      1.00      1.00      2018
           2       1.00      1.00      1.00      1721
           3       0.98      0.97      0.98      1221
           4       0.95      0.99      0.97      1118
           5       0.99      0.92      0.95       753

    accuracy                           0.99      8546
   macro avg       0.98      0.98      0.98      8546
weighted avg       0.99      0.99      0.99      8546


----------------------------------------------------------------
train/test = 1651/8139
precision    recall  f1-score   support

           0       1.00      1.00      1.00      1631
           1       1.00      1.00      1.00      1924
           2       1.00      1.00      1.00      1639
           3       1.00      0.99      1.00      1163
           4       0.99      1.00      0.99      1065
           5       0.99      0.98      0.98       717

    accuracy                           1.00      8139
   macro avg       1.00      1.00      1.00      8139
weighted avg       1.00      1.00      1.00      8139


-------------------------------------------------------
train/test = 4890/4882
precision    recall  f1-score   support

           0       1.00      1.00      1.00       977
           1       1.00      1.00      1.00      1155
           2       1.00      1.00      1.00       983
           3       1.00      1.00      1.00       698
           4       1.00      1.00      1.00       638
           5       1.00      1.00      1.00       431

    accuracy                           1.00      4882
   macro avg       1.00      1.00      1.00      4882
weighted avg       1.00      1.00      1.00      4882


----------------------------------------------------------------
train/test = 8843/974
precision    recall  f1-score   support

           0       1.00      1.00      1.00       195
           1       1.00      1.00      1.00       231
           2       1.00      1.00      1.00       196
           3       1.00      1.00      1.00       139
           4       1.00      1.00      1.00       127
           5       1.00      1.00      1.00        86

    accuracy                           1.00       974
   macro avg       1.00      1.00      1.00       974
weighted avg       1.00      1.00      1.00       974
