5288170
3016983
4205031
2176180
2804722
3349962
2891495
2016194
3194550
3812655
2323473
3269366
2041378
3339939
2863162
3931243
4024732
4409006
2613146
4553004
3165840
2857957
2821672
3171262
3479729
2736660
4840975
4312989
4154420
3269362
3567531
2882357
2739940
3471607
3473706
2553333
3824155
3269404
2808408
3901872
4913803
2935397
2038656
3942223
2211096
4028192
2867893
4028233
5042339
3491111
3436230
2010305
4162396
2988572
2264647
3816443
4699930
2306696
3816445
2995501
4573980
3355184
3338540
4024608
3037502
2887131
2688461
4604512
3496226
4519738
3116197
3869573
4632277
4805947
2554319
3486687
4482225
2239425
3082855
4200081
5067955
3050135
4373739
4035378
4640697
2543872
4190684
3071788
2599245
3558838
3874839
3625501
5070446
4446073
2668539
3527891
4759083
3519741
2955506
3797657
3588448
4345374
4417211
4322619
4905912
4079049
4293843
4227668
3785283
3366857
3525849
3350683
3616965
4872894
5099029
2849822
3215744
3635544
4435879
3177086
4686315
3162083
3795976
3905939
3769518
4305765
5135926
4127274
2885486
2878501
4035722
3246553
1942922
4329893
3605695
3134068
4649223
2734213
3270021
4749825
3863270
3762876
2877622
3453490
4364221
3872865
1980375
3883529
4573580
4264163
3721290
5145530
3374276
3320936
3953037
2833047
3354486
3478439
3906292
3691998
3097024
3745082
4828037
4139885
3852951
3355053
4146458
4117153
3377955
3831285
4289557
3262866
4028416
3751714
4801778
3528053
4808194
4264064
4146221
3154370
3387133
2514262
4146398
4049613
2792301
2749964
4017410
2742627
3435538
3215450
2548038
3252275
5089313
3709008
4446090
4685635
4632979
4321562
2339635
3398813
3767459
4531437
4025578
4336769
3657224
4464228
4370107
4928091
4313884
4256127
3609208
2861388
2657124
2667578
4450079
4044871
3855054
4191983
3625484
4891126
4740748
4847840
4378206
2082622
3912206
4340327
4019783
3958715
4864635
5013866
2692768
4306423
4349320
3733474
3196861
3240256
4252015
3695844
3816566
4493563
4330254
3850342
5026555
4448668
3991385
2893926
4550053
4537833
4094947
2735460
3943953
3265986
2358864
4315872
3906088
4655408
4231863
2344229
4276436
4409766
4476959
2042344
4293839
3741737
3644821
4168584
2608662
4183648
3640066
4272714
3647735
2185699
4403833
3582623
2701429
2482776
4079058
4397890
4277381
2649604
4353487
4317569
4205999
4574676
4756055
3700492
4148207
4360851
4944356
4226667
4272802
4802039
4625001
4967388
3543524
3959898
4256169
5011056
4258601
4635075
3448582
4919915
3723043
3653922
2540378
4690292
3972320
3822133
4196056
3906655
2585586
4291837
4261820
3040665
4532055
3159957
3816708
4397840
4336609
4957000
3894572
4634042
3753240
3910087
3885155
3633307
4324908
4600705
2209567
3881549
4308108
3636994
3098164
4712638
3839350
3905540
4268456
4794428
4627596
4307130
4320203
4727540
3745424
3785767
4613773
4661695
2217270
2620912
4347802
4399020
2295545
4928823
4214543
4441850
3293944
4900202
4384192
3586372
3635512
4183226
4190600
3376454
4422633
3252285
3836407
4214518
3639096
3106470
4738776
4440937
4898636
4329960
3658366
4379193
3139291
4749406
3809726
4240714
3927419
2947520
4338929
3171349
3203029
4928147
2631157
4254032
4575424
5160400
2811011
4632322
3609870
3721579
4833799
4521310
4263821
5236900
4632893
4048448
3085611
4364077
1971908
4132236
4428188
4877231
4539555
2720895
4269865
3801506
2163295
4182408
4234009
4554411
3448358
2748246
4287474
3568283
2932469
4333331
4651388
3663341
4087666
4387075
4797846
4187053
4928077
4249296
5103191
3940894
4630570
4344610
4677967
4102112
4814819
4928204
3494986
5178951
2833545
4632799
4700504
4418745
4212189
4947367
3888852
5270622
4633420
4731492
1980309
4156941
4438237
4007900
4379178
4746207
4763047
3809395
4184336
3334352
3862153
4238377
4560814
2936945
4664978
3685425
4091225
4191355
4499051
4928114
4253062
4575026
3202713
2303070
4930270
3884541
3967140
4632881
3629962
4363644
4129973
4427769
2367611
4958931
3528923
4006756
2878935
3911173
2894672
4332194
4650868
4085482
4754371
2204202
4186773
4928065
3869066
4244041
4572617
3931952
4342715
4672588
4102096
4395765
4407165
4509820
4928177
3493691
5174376
3955438
4632651
3250849
3830415
4526654
3887036
2681581
3986231
4633395
1975204
4886550
4542606
3430888
4007825
4645450
4080433
3806393
3323979
4915291
3450510
3681096
4090682
3870112
4631956
4028275
4409645
4822092
3823166
4517485
3884383
2667676
4632867
4039551
4363614
4712529
1933864
3837488
4957165
4005915
3854785
4230945
4552976
4650683
3142180
2195072
3863282
2603157
4243230
4393545
3356557
4928160
4254037
4578274
5163127
4632515
4034632
4691864
4406551
3246858
3828450
4207176
4526526
3385868
4944310
3885667
3525511
3973975
4048755
3094772
4135863
4542427
4326301
4642712
4373815
3125155
3860638
4555664
5046978
2932579
3675410
4088151
4487258
4928088
4249619
2805008
4303935
4630993
3009195
4683073
3707483
4104339
3822708
4517189
4928251
4257247
5199652
2834839
4632842
4037678
3744071
4120193
