4849499
1801208
1801145
2350146
2223733
2728999
1378131
3651876
1891373
1229567
3932698
4477292
922127
2915886
1415596
2411794
2616470
1399314
4701962
2409737
1650481
4372234
3256083
3222078
1655029
410017
3375316
714747
2509892
3840516
1759448
1865164
2548286
2169227
2495263
3963064
2155344
2764332
4312755
2625672
3686064
5219707
4226146
4837243
1636744
5136179
3807563
3970479
5276652
3145895
4927645
3663801
2743142
4197416
2216200
3361200
3620936
2690825
4264190
2157550
4597762
4879884
2563469
4184776
2996720
4791463
3540717
5085669
1714504
3695797
4253581
3066074
4569643
1418555
3418160
3660291
5156486
2715432
3998054
969109
2990812
