2818606
4418579
1285152
2928707
378889	
1338937
913439	
596860	
1299014
3743052
881633	
954339	
906875	
3268611
2097540
379523	
536773	
901394	
2216988
3295748
1155337
2033596
1364454
2624236
2588353
2869840
2150869
1968195
1256742
2953984
871403	
3267520
1485487
2047513
1338898
848960	
1430198
2755289
688055	
876708	
2706434
2634281
1832758
2102652
773645	
3274757
2021501
3040380
1569432
2519600
2425295
4028510
1933415
804032	
2120223
2068490
2893406
4470078
930047	
768535	
2549191
1421151
4458858
3534988
2964685
1734098
1093796
1697557
2373146
1023987
4389143
2044817
558620	
3428118
4370592
2141033
2415693
4037891
1339076
2338948
2200808
3098394
2299409
2086715
1379779
1896879
1394331
666568	
4569700
2876867
882498	
3500249
1455434
883345	
2055519
1647372
837518	
3274763
1595553
2293136