2410.0
2540.0
2840.0000000000005
2230.0
2490.0
2360.0
2390.0
2290.0
2180.0
2250.0
2290.0
2290.0
1750.0
1600.0
1610.0
1630.0
1600.0
1630.0
1590.0
1600.0
1630.0
1610.0
1600.0
1590.0
1630.0
1610.0
1590.0
1620.0
1660.0
1580.0
1610.0
1600.0
1620.0
1620.0
1590.0
1590.0
1650.0
1600.0
1600.0
1600.0
1600.0
1640.0
1590.0
1630.0
1600.0
1600.0
1590.0
1610.0
1630.0
1600.0
1600.0
1620.0
1590.0
1600.0
1600.0
1610.0
1640.0
1580.0
1610.0
1590.0
1600.0
1660.0
1610.0
1660.0
1620.0
1610.0
1650.0
1590.0
1590.0
1610.0
1590.0
1630.0
1580.0
1630.0
1620.0
1600.0
1610.0
1610.0
1600.0
1600.0
1580.0
1580.0
1640.0
1620.0
1610.0
1600.0
1610.0
1630.0
1580.0
1610.0
1640.0
1710.0000000000002
1640.0
1610.0
1630.0
1630.0
1580.0
1600.0
1600.0
1620.0
