155520.0
157850.0
162390.0
162900.0
160910.0
152890.0
159630.0
162010.0
149730.0
147400.0
164820.0
158980.0
159440.0
152130.0
150030.0
148550.0
157140.0
156990.0
153340.0
154670.0
157850.0
152720.0
152730.0
162940.0
158920.0
161560.0
153180.0
153220.0
156850.0
153460.0
149040.0
154780.0
162920.00000000003
157300.0
158140.0
155060.0
147240.0
149790.0
148100.0
158000.0
156980.0
156280.0
157650.0
155270.0
152460.0
150490.0
151210.0
152440.0
151270.0
150270.0
153940.0
149150.0
152090.0
156140.0
154260.0
155880.0
159930.0
156000.0
153580.0
155240.0
153410.0
153410.0
153590.0
155170.0
154260.0
154270.0
149940.0
155270.0
163440.0
149380.0
151630.0
153210.0
153230.0
149580.0
149270.0
151460.0
152440.0
149030.0
151370.0
149090.0
147860.0
148340.0
150910.0
150190.0
150060.0
147540.0
148890.0
149720.0
149890.0
147200.0
148030.0
149390.0
147210.0
147420.0
148370.0
147290.0
148380.0
149740.0
148930.0
149780.0
