1651370
5188215
1601853
1601823
3277646
2440436
2346364
3384552
2728094
2774712
1378819
3024283
940320
1572790
1237042
1229488
3930694
3471992
4476040
1651256
921203
1612894
2295280
2407258
4428555
1398703
2960957
1702379
2409195
1087065
1649507
2527584
3252341
2192268
1875801
1680181
1651960
4756140
3283060
3315124
1650043
405308
3374993
710850
2492823
1491582
3840323
3099330
1759328
2208692
2537454
5181042
2122128
2494745
3928277
3958021
3087494
2155258
2895554
3273667
2758749
3665074
5004823
4312220
3234397
2623644
5271955
2737722
4252880
4567812
2265298
3650402
4858081
3807070
5078900
3891109
1416663
2684976
3997869
3529408
3685370
1696814
2559696
3355224
2157039
4224397
4524943
2954736
3620583
3064067
3785169
5194329
3997017
4383151
4589667
1633037
2978877
2463925
3145633
5136022
2727810
3414244
4184048
3543797
4826169
3782358
2496818
3968434
4574775
3657030
4875926
2711785
4454131
2216234
2856475
2989082
3692345
