2856814
3182882
3300741
3365472
2727590
2123645
2106866
3246327
1191097
2829970
1644449
3933368
2806290
3567557
1637147
3982618
3987059
1574503
2571379
2159104
2601219
3375219
3370408
3622921
4001916
2178903
3142681
1630333
3131244
1887962
4020461
1460571
1678914
2257535
2632408
4472373
4047474
4023329
2534229
3922291
2834660
2484284
3143834
2927725
3700484
4355048
4227173
3789492
3304559
4546968
4406088
3222147
4156432
2006005
2473177
2465956
2739041
4083203
2834394
1664967
3988364
3688951
3826574
3449680
2208049
3180126
3892387
1721075
2503839
2565317
4572117
4558553
3134624
4339489
4547087
4530180
4291022
4296793
3910021
3963404
4230950
3040398
1932481
4624440
4271874
2053026
4218336
3117524
4496303
3616321
2878849
4063213
3639107
4240420
4305096
3793448
4009471
2906929
4168106
3447911
2363514
4555596
4109604
2348692
3048583
4634001
2906326
3222224
4421745
3930051
3565417
4082856
3710642
2691131
3012845
4235180
2746031
4622608
3644843
4411708
3849237
3120760
4263819
4466732
2578135
3879863
4299682
4022004
3234256
1518808
4379891
3927380
3012672
4048745
3103989
4079134
4427858
3856871
3981963
4285303
4470055
4600479
2891932
4167849
3399547
3764826
3920427
2980243
4030718
4205539
3800268
4503887
2707619
4063715
3310305
4237807
3641985
2511700
3845933
2802111
3964008
3355681
4254308
4463774
3874820
4575444
4148856
4379650
4499298
2691377
3012598
4395107
3954175
3097737
4078584
3335210
4249171
3656844
4102784
2063230
2597194
3885957
4592282
3189106
4163695
2346141
3763059
4495259
2658924
3918970
3259517
4358303
2404517
4502071
4237806
4398878
3843846
3668954
4445641
4473588
3899037
2901767
4020353
3431661
4334250
4376483
2359018
4498732
2992353
4505337
3946198
4072766
1856232
3588239
3648856
3850928
4088872
2178499
4585788
2865141
3993963
2345757
4489108
3915895
2922007
3448595
4501842
3305264
3536106
4397536
4522803
4080007
4251836
3660712
4434102
3867509
2198346
3708041
2892244
4012252
3211024
4497755
3922239
3453749
4387298
3810009
4504221
3936430
3065181
4067467
3317093
3585479
