0.08333587646484375
0.04437661170959473
0.07153534889221191
0.0513300895690918
0.05654716491699219
0.03921246528625488
0.0647737979888916
0.056391239166259766
0.027605295181274414
0.0442657470703125
0.06006360054016113
0.06403446197509766
0.0719761848449707
0.07550859451293945
0.06398582458496094
0.0482790470123291
0.05562019348144531
0.05445408821105957
0.041736602783203125
0.04409456253051758
0.06364035606384277
0.05594587326049805
0.044437408447265625
0.05998516082763672
0.07150530815124512
0.06448173522949219
0.06348228454589844
0.060479164123535156
0.03491044044494629
0.06096529960632324
0.05955338478088379
0.05238795280456543
0.05550789833068848
0.07217860221862793
0.044219255447387695
0.05952644348144531
0.06044578552246094
0.0554962158203125
0.056435346603393555
0.06807422637939453
0.043772220611572266
0.05966544151306152
0.04026365280151367
0.05565619468688965
0.06000375747680664
0.06401538848876953
0.055855751037597656
0.052596330642700195
0.05136752128601074
0.04838299751281738
0.04396367073059082
0.06761765480041504
0.07200145721435547
0.052393436431884766
0.06358528137207031
0.044239044189453125
0.07175970077514648
0.028226613998413086
0.06371641159057617
0.06441974639892578
0.08319830894470215
0.036426544189453125
0.059781551361083984
0.05596280097961426
0.055971384048461914
0.059969425201416016
0.059988975524902344
0.05243539810180664
0.05946207046508789
0.059012651443481445
0.04544854164123535
0.04801511764526367
0.06753373146057129
0.06391215324401855
0.06440520286560059
0.059949398040771484
0.07152843475341797
0.06797480583190918
0.05642867088317871
0.07955217361450195
0.06389379501342773
0.05644726753234863
0.0639641284942627
0.06754517555236816
0.05255007743835449
0.05989551544189453
0.04378390312194824
0.06415200233459473
0.06749653816223145
0.0523676872253418
0.05601811408996582
0.05602073669433594
0.05999946594238281
0.07144904136657715
0.056501150131225586
0.0674746036529541
0.06452608108520508
0.0559992790222168
0.05591535568237305
0.047371625900268555
0.060590267181396484
0.06748366355895996
0.06449341773986816
0.06399893760681152
0.0713200569152832
0.055997371673583984
0.06462836265563965
0.06799983978271484
0.06726646423339844
0.06819725036621094
0.032048702239990234
0.05966472625732422
0.0559535026550293
0.08006024360656738
0.04445767402648926
0.0674433708190918
0.06798386573791504
0.04447174072265625
0.03923988342285156
0.07221174240112305
0.07198643684387207
0.059975624084472656
0.06796073913574219
0.06055092811584473
0.0639798641204834
0.06006598472595215
0.06401634216308594
0.04779481887817383
0.04396390914916992
0.05630850791931152
0.0677790641784668
0.05998682975769043
0.055951833724975586
0.051898956298828125
0.07133722305297852
0.04786229133605957
0.07601761817932129
0.05668187141418457
0.06410098075866699
0.06721878051757812
0.06396341323852539
0.05260896682739258
0.04813694953918457
0.0711359977722168
0.08004641532897949
0.07993054389953613
0.07596826553344727
0.048630475997924805
0.060065269470214844
0.07923150062561035
0.032373905181884766
0.040047407150268555
0.039964914321899414
0.06768631935119629
0.05257272720336914
0.06725096702575684
0.10408949851989746
0.1638500690460205
0.04778003692626953
0.05281376838684082
0.06722140312194824
0.056684017181396484
0.0479583740234375
0.043910980224609375
0.0480494499206543
0.06007981300354004
0.07917499542236328
0.08795976638793945
0.07210016250610352
0.07593297958374023
0.06468582153320312
0.0792391300201416
0.05919456481933594
0.10071492195129395
0.08394837379455566
0.0919654369354248
0.06795740127563477
0.07200431823730469
0.08391332626342773
0.08803701400756836
0.08792519569396973
0.0647425651550293
0.08321905136108398
0.0567784309387207
0.07525634765625
0.06394815444946289
0.0959928035736084
0.06798267364501953
0.09988760948181152
0.07592177391052246
0.06500101089477539
0.059112548828125
0.004136800765991211
0.031352996826171875
0.02263784408569336
0.026115894317626953
0.02795243263244629
0.023100614547729492
0.024738073348999023
0.035372257232666016
0.03283190727233887
0.01580953598022461
0.03189849853515625
0.07972168922424316
0.06887125968933105
0.07592916488647461
0.06002688407897949
0.06391525268554688
0.1031196117401123
0.06394815444946289
0.06488990783691406
0.06797432899475098
0.0050106048583984375
0.06682515144348145
0.09517407417297363
0.060858726501464844
0.09507966041564941
0.11195850372314453
0.08092188835144043
0.08702301979064941
0.07285618782043457
0.09509420394897461
0.04082632064819336
0.06408166885375977
0.045781612396240234
0.10521125793457031
0.06081080436706543
0.08243870735168457
0.08066248893737793
0.07989978790283203
0.06399774551391602
0.03981375694274902
0.036052703857421875
0.02858138084411621
0.07141518592834473
0.040578603744506836
0.04718327522277832
0.05297589302062988
0.06708884239196777
0.06396484375
0.05700945854187012
0.05594325065612793
0.06397819519042969
0.04374122619628906
0.05222034454345703
0.04370617866516113
0.0913999080657959
0.09994649887084961
0.09192180633544922
0.07300543785095215
0.05179095268249512
0.10310029983520508
0.07295083999633789
0.05886673927307129
0.09065651893615723
0.08138656616210938
0.08797383308410645
0.0609893798828125
0.05986833572387695
0.09511303901672363
0.11992716789245605
0.09603452682495117
0.02453756332397461
0.03204703330993652
0.048149824142456055
0.056368350982666016
0.06383061408996582
0.0639491081237793
0.04780888557434082
0.05210590362548828
0.06803035736083984
0.1189122200012207
0.08794045448303223
0.0569911003112793
0.09093832969665527
0.08794760704040527
0.0839700698852539
0.06919002532958984
0.07519793510437012
0.06918215751647949
0.0948939323425293
0.048796653747558594
0.09757328033447266
0.18507957458496094
0.029009580612182617
0.07216668128967285
0.0793294906616211
0.0992884635925293
0.10000300407409668
0.06166791915893555
0.09325051307678223
0.18900251388549805
0.06975245475769043
0.10615062713623047
0.11193394660949707
0.12805461883544922
0.0960536003112793
0.05293011665344238
0.11088824272155762
0.10390162467956543
0.08392953872680664
0.0612030029296875
0.0681142807006836
0.06304740905761719
0.08805394172668457
0.11854243278503418
0.1569678783416748
0.06562352180480957
0.08127546310424805
0.14233827590942383
0.11466836929321289
0.07236790657043457
0.08409476280212402
0.08239102363586426
0.1777048110961914
0.08857989311218262
0.08866715431213379
0.08769774436950684
0.08811783790588379
0.1410527229309082
0.1520693302154541
0.10782885551452637
0.15611815452575684
0.07408714294433594
0.060501813888549805
0.1601123809814453
0.09703612327575684
0.13536548614501953
0.15257024765014648
0.09879732131958008
0.10515213012695312
0.09995031356811523
0.17201781272888184
0.0983424186706543
0.08309102058410645
0.08645844459533691
0.1736137866973877
0.061263322830200195
0.17541170120239258
0.07992720603942871
0.07261037826538086
0.2180938720703125
0.1159665584564209
0.12397527694702148
0.09592819213867188
0.05581045150756836
0.04563474655151367
0.07311248779296875
0.15328502655029297
0.06388378143310547
0.06551718711853027
0.05588555335998535
0.03536367416381836
0.06897401809692383
0.1915910243988037
0.06304574012756348
0.10650086402893066
0.12396669387817383
0.09842634201049805
0.1375713348388672
0.10650324821472168
0.2040116786956787
0.09888601303100586
0.08136963844299316
0.21025681495666504
0.06121110916137695
0.16663241386413574
0.05719399452209473
0.10820221900939941
0.12379717826843262
0.1240692138671875
0.1278841495513916
0.1906299591064453
0.06121397018432617
0.14026498794555664
0.1463942527770996
0.08016800880432129
0.17731833457946777
0.12648344039916992
0.09665536880493164
0.10617518424987793
0.15307998657226562
0.09089064598083496
0.13927388191223145
0.15198040008544922
0.14381170272827148
0.18190789222717285
0.08043479919433594
0.09693527221679688
0.06386518478393555
0.1025700569152832
0.05378437042236328
0.11404919624328613
0.04969978332519531
0.1203312873840332
0.11836981773376465
0.0655817985534668
0.16397595405578613
0.12382149696350098
0.12398481369018555
0.1690657138824463
0.13996672630310059
0.15993618965148926
0.14408326148986816
0.1559305191040039
0.12971854209899902
0.18728995323181152
0.08205771446228027
0.17678165435791016
0.14393830299377441
0.15196681022644043
0.15982294082641602
0.1514873504638672
0.18447518348693848
0.1658310890197754
0.13014721870422363
0.17197561264038086
0.22165846824645996
0.15424180030822754
0.15602970123291016
0.19363045692443848
0.12887239456176758
0.16134333610534668
0.07898616790771484
0.15615367889404297
0.18881773948669434
0.1359996795654297
0.26900196075439453
0.08959221839904785
0.13725900650024414
0.24115347862243652
0.10570144653320312
0.18107295036315918
0.19865942001342773
0.12924933433532715
0.22510600090026855
0.14960455894470215
0.14629769325256348
0.11742305755615234
0.1986103057861328
0.15244150161743164
0.17533230781555176
0.12209320068359375
0.1928703784942627
0.21463274955749512
0.08850669860839844
0.15278863906860352
0.2730848789215088
0.14386320114135742
0.18808293342590332
0.10551643371582031
0.18927788734436035
0.18691420555114746
0.1920335292816162
0.10900115966796875
0.24897193908691406
0.15997934341430664
0.12624764442443848
0.15270233154296875
0.2410106658935547
0.19598174095153809
0.14181876182556152
0.14906907081604004
0.24956393241882324
0.14628171920776367
0.25705766677856445
0.16057515144348145
0.16568660736083984
0.2114088535308838
0.12114644050598145
0.24905681610107422
0.12216043472290039
0.24362468719482422
0.12912631034851074
0.25304293632507324
0.17647552490234375
0.18232417106628418
0.17540717124938965
0.23951387405395508
0.2078690528869629
0.10908699035644531
0.22672009468078613
0.27832913398742676
0.10841727256774902
0.16444706916809082
0.2396256923675537
0.1622626781463623
0.23085379600524902
0.216078519821167
0.24205732345581055
0.16450166702270508
0.1297895908355713
0.269655704498291
0.13882088661193848
0.2195751667022705
0.24547481536865234
0.15420842170715332
0.2395021915435791
0.2321920394897461
0.23132658004760742
0.09353232383728027
0.22683215141296387
0.3021719455718994
0.09595394134521484
0.17894792556762695
0.20398330688476562
0.1913745403289795
0.1885085105895996
0.13698816299438477
0.14412641525268555
0.04963254928588867
0.14114594459533691
0.13501429557800293
0.21410155296325684
0.1519148349761963
0.11086273193359375
0.19197297096252441
0.19199800491333008
0.1439354419708252
0.23777484893798828
0.2171311378479004
0.1845872402191162
0.27127575874328613
0.23309612274169922
0.20794367790222168
0.195418119430542
0.2617034912109375
0.1748049259185791
0.23602032661437988
0.2376241683959961
0.1976935863494873
0.24459338188171387
0.20761823654174805
0.2683284282684326
0.19108295440673828
0.241790771484375
0.16202187538146973
0.2740969657897949
0.25197386741638184
0.19595694541931152
0.23598074913024902
0.1780562400817871
0.18429040908813477
0.25809788703918457
0.27539896965026855
0.23598361015319824
0.2166609764099121
0.24787044525146484
0.17745614051818848
0.13225173950195312
0.2485058307647705
0.1719529628753662
0.21577000617980957
0.22728323936462402
0.22462677955627441
0.2521822452545166
0.38517260551452637
0.17193222045898438
0.19391131401062012
0.20089244842529297
0.21992063522338867
0.22770118713378906
0.232269287109375
0.27197742462158203
0.18802547454833984
0.35304856300354004
0.16603398323059082
0.19677329063415527
0.25996994972229004
0.329089879989624
0.2325000762939453
0.2175452709197998
0.25675153732299805
0.26717495918273926
0.20646381378173828
0.2538740634918213
0.3535330295562744
0.2325136661529541
0.23398947715759277
0.33341360092163086
0.21015691757202148
0.3178062438964844
0.2319631576538086
0.29198551177978516
0.2559366226196289
0.33595871925354004
0.24450063705444336
0.22632098197937012
0.35167860984802246
0.24539542198181152
0.1427319049835205
0.29314255714416504
0.20257854461669922
0.21599912643432617
0.3195796012878418
0.2518162727355957
0.2119746208190918
0.2760040760040283
0.240098237991333
0.271852970123291
0.2857649326324463
0.21089529991149902
0.2554023265838623
0.2776527404785156
0.17824721336364746
0.24779748916625977
0.2642245292663574
0.23202300071716309
0.22635889053344727
0.16544413566589355
0.1137993335723877
0.1623532772064209
0.2695443630218506
0.2605245113372803
0.2661707401275635
0.26343464851379395
0.3085753917694092
0.2674989700317383
0.30161619186401367
0.2279062271118164
0.3026394844055176
0.2058882713317871
0.17941880226135254
0.09013152122497559
0.23265290260314941
0.2559378147125244
0.3016369342803955
0.20629310607910156
0.30339956283569336
0.2757549285888672
0.30411696434020996
0.2943449020385742
0.2816178798675537
0.2557797431945801
0.3344118595123291
0.2915055751800537
0.22625350952148438
0.31378960609436035
0.29582977294921875
0.21028518676757812
0.25632596015930176
0.2601795196533203
0.28395915031433105
0.37370848655700684
0.2777576446533203
0.24443459510803223
0.359971284866333
0.21596240997314453
0.30725717544555664
0.2639164924621582
0.30876612663269043
0.24394965171813965
0.2995033264160156
0.27642154693603516
0.2880227565765381
0.3077235221862793
0.3562018871307373
0.3811469078063965
0.3280019760131836
0.2942361831665039
0.29024481773376465
0.29767870903015137
0.34052586555480957
0.4331629276275635
0.26658058166503906
0.3476741313934326
0.32454919815063477
0.31305789947509766
0.27199602127075195
0.2959885597229004
0.16276788711547852
0.2552363872528076
0.2663905620574951
0.29424262046813965
0.3516054153442383
0.26831579208374023
0.433150053024292
0.266357421875
0.34423184394836426
0.3476138114929199
0.34963440895080566
0.3245503902435303
0.32793140411376953
0.3239781856536865
0.37952542304992676
0.28667521476745605
0.40910816192626953
0.2748253345489502
0.34725308418273926
0.3725473880767822
0.37729811668395996
0.26274681091308594
0.3797645568847656
0.4053502082824707
0.2707483768463135
0.38529062271118164
0.23436570167541504
0.3381004333496094
0.27818846702575684
0.37316465377807617
0.286696195602417
0.33187246322631836
0.38123154640197754
0.26289796829223633
0.3531606197357178
0.31252050399780273
0.29424548149108887
0.3638310432434082
0.3758540153503418
0.3197314739227295
0.3761734962463379
0.36802029609680176
0.39340806007385254
0.4469304084777832
0.25583696365356445
0.3637707233428955
0.4019291400909424
0.37540292739868164
0.24276423454284668
0.3599400520324707
0.3359794616699219
0.3599739074707031
0.35592198371887207
0.352006196975708
0.41718149185180664
0.27882909774780273
0.40108609199523926
0.42803120613098145
0.2958652973175049
0.03882002830505371
0.24400663375854492
0.25769829750061035
0.29000163078308105
0.2281506061553955
0.3157808780670166
0.31781911849975586
0.4584770202636719
0.23580050468444824
0.44002580642700195
0.2759559154510498
0.39766597747802734
0.38214707374572754
0.37392449378967285
0.38187694549560547
0.35621118545532227
0.47321176528930664
0.3866279125213623
0.43334484100341797
0.3718698024749756
0.314711332321167
0.42989516258239746
0.17807912826538086
0.16001462936401367
0.5121033191680908
0.3278026580810547
0.38784074783325195
0.4212517738342285
0.4189727306365967
0.3920125961303711
0.39693641662597656
0.40288877487182617
0.4170856475830078
0.3388092517852783
0.4960634708404541
0.3037440776824951
0.3321418762207031
0.3611433506011963
0.32242703437805176
0.408245325088501
0.4412119388580322
0.39893054962158203
0.32369041442871094
0.4238700866699219
0.3201873302459717
0.4239811897277832
0.49601078033447266
0.3931248188018799
0.40851855278015137
0.3901996612548828
0.43596911430358887
0.5211927890777588
0.37483692169189453
0.4596900939941406
0.4253678321838379
0.45600128173828125
0.4239461421966553
0.38353538513183594
0.35704803466796875
0.41537976264953613
0.45487499237060547
0.41633033752441406
0.2714214324951172
0.4412565231323242
0.33469653129577637
0.5361912250518799
0.3649888038635254
0.3759653568267822
0.302762508392334
0.39995551109313965
0.4039037227630615
0.5051708221435547
0.3126089572906494
0.49871063232421875
0.39229297637939453
0.44335484504699707
0.403566837310791
0.3482177257537842
0.4438591003417969
0.4522209167480469
0.4561493396759033
0.40474891662597656
0.2886500358581543
0.4954080581665039
0.38794898986816406
0.45087718963623047
0.39563703536987305
0.449901819229126
0.5143251419067383
0.31577324867248535
0.48180174827575684
0.546316385269165
0.4294912815093994
0.47958874702453613
0.4992513656616211
0.5315914154052734
0.48090362548828125
0.44407129287719727
0.5152721405029297
0.4200611114501953
0.43932342529296875
0.39321351051330566
0.46278905868530273
0.46428799629211426
0.43676328659057617
0.47992515563964844
0.4948389530181885
0.4364187717437744
0.39568662643432617
0.36890745162963867
0.39280104637145996
0.4786653518676758
0.4398326873779297
0.4556117057800293
0.3958008289337158
0.5600996017456055
0.4692111015319824
0.5076742172241211
0.5350513458251953
0.4958987236022949
0.5203797817230225
0.4447176456451416
0.5233614444732666
0.46351099014282227
0.3279557228088379
0.3930792808532715
0.45484280586242676
0.4851243495941162
0.4466824531555176
0.588667631149292
0.4725511074066162
0.4524857997894287
0.542165994644165
0.5652799606323242
0.4434821605682373
0.49126338958740234
0.49320507049560547
0.511117696762085
0.48532533645629883
0.48613691329956055
0.6204326152801514
0.5042390823364258
0.4850914478302002
0.5350103378295898
0.5515422821044922
0.5087909698486328
0.49871039390563965
0.5212194919586182
0.45877623558044434
0.5966284275054932
0.5723586082458496
0.4440903663635254
0.5120031833648682
0.48684191703796387
0.4363687038421631
0.5679512023925781
0.5007758140563965
0.4946434497833252
0.653282642364502
0.6118996143341064
0.46381044387817383
0.5481357574462891
0.5525100231170654
0.6313762664794922
0.4802258014678955
0.584434986114502
0.5592501163482666
0.5680837631225586
0.5315341949462891
0.4803659915924072
0.5911931991577148
0.512761116027832
0.5279719829559326
0.5045087337493896
0.6353096961975098
0.5768022537231445
0.5872175693511963
0.5594444274902344
0.5084874629974365
0.483975887298584
0.5119640827178955
0.5560827255249023
0.43531084060668945
0.4200108051300049
0.48798346519470215
0.48850536346435547
0.5353269577026367
0.5927050113677979
0.6039600372314453
0.575941801071167
0.6723620891571045
0.5749239921569824
0.5012648105621338
0.6318120956420898
0.5835714340209961
0.6033086776733398
0.5679037570953369
0.584644079208374
0.6119673252105713
0.595740795135498
0.6276938915252686
0.5484657287597656
0.5319674015045166
0.5084764957427979
0.6798934936523438
0.6360504627227783
0.6473376750946045
0.627957820892334
0.5805449485778809
0.5355262756347656
0.5479614734649658
0.5878961086273193
0.5916669368743896
0.5640280246734619
0.6282689571380615
0.5919179916381836
0.6084880828857422
0.7066662311553955
0.5564155578613281
0.556389570236206
0.5999960899353027
0.49560999870300293
0.4109470844268799
0.5606496334075928
0.28929662704467773
0.3186330795288086
0.3245406150817871
0.4046807289123535
0.40343761444091797
0.3554496765136719
0.4799048900604248
0.5119190216064453
0.5880651473999023
0.5604352951049805
0.607487678527832
0.6759068965911865
0.6478984355926514
0.6045620441436768
0.6554341316223145
0.6362290382385254
0.6122219562530518
0.7240734100341797
0.6513957977294922
0.660444974899292
0.6714761257171631
0.6804280281066895
0.6599595546722412
0.6919915676116943
0.6879963874816895
0.676034688949585
0.6444823741912842
0.2913498878479004
0.6439752578735352
0.6076159477233887
0.5769522190093994
0.7113587856292725
0.7207629680633545
0.7435035705566406
0.7593073844909668
0.7683954238891602
0.7205057144165039
0.7949726581573486
0.7359037399291992
0.6478548049926758
0.7044243812561035
0.7280733585357666
0.69191575050354
0.6627261638641357
0.46923017501831055
0.6315910816192627
0.5919313430786133
0.7202053070068359
0.6563236713409424
0.7238576412200928
0.6626472473144531
0.7213499546051025
0.7166450023651123
0.855417013168335
0.791449785232544
0.6476914882659912
0.8686857223510742
0.7837769985198975
0.7682898044586182
0.704155445098877
0.9556145668029785
0.8116552829742432
0.8203074932098389
