0.08333587646484375
0.06385624408721924
0.06641594568888347
0.06264448165893555
0.06142501831054688
0.05772292613983154
0.05873019354684012
0.05843782424926758
0.05501198768615723
0.05393736362457276
0.054494294253262604
0.05528930823008219
0.056572914123535156
0.05792546272277832
0.05832948684692383
0.05770133435726166
0.05757891430574305
0.057405312856038414
0.05658064390483655
0.055956339836120604
0.05632224537077404
0.05630513754757968
0.055789149325826896
0.055963983138402305
0.05658563613891601
0.05688933225778433
0.05713351567586263
0.05725300312042236
0.05648256992471629
0.05663199424743652
0.056726232651741273
0.05659066140651703
0.05655785040421919
0.05701728428111357
0.05665162631443569
0.05673148234685262
0.05683186891916636
0.056796720153407046
0.05678745416494516
0.0570696234703064
0.05674529657131288
0.05681482383183071
0.05642991287763729
0.056412328373302116
0.05649213790893555
0.056655686834584114
0.056638666924009935
0.05655445158481598
0.0564485958644322
0.056287283897399905
0.0560456444235409
0.05626818308463463
0.05656503731349729
0.05648778544531928
0.05661683082580567
0.05639579892158508
0.05666534105936686
0.05617501817900559
0.056302838406320346
0.0564381202061971
0.05687681182486112
0.056546968798483574
0.05659831137884231
0.05658838152885437
0.056578889259925255
0.05663026101661451
0.05668039108390239
0.05661796471651863
0.056659183640410934
0.056692804609026225
0.05653443470807143
0.05641611085997687
0.05656840703258776
0.05666764684625574
0.05677081425984701
0.056812637730648645
0.057003751977697595
0.05714440651429005
0.05713534656959244
0.057415556907653806
0.05749553515587324
0.057482751404366844
0.057560840284967996
0.05767970141910371
0.05761935290168314
0.05764581990796466
0.0574864875311139
0.05756223201751709
0.05767385343487343
0.0576148960325453
0.05759734897823124
0.057580211888188904
0.0576062253726426
0.05775348937257807
0.057740306854248045
0.057841705779234566
0.05791061686486313
0.05789111341748919
0.05787115626864963
0.05776616096496582
0.057794122412653255
0.05788911791408763
0.05795323732987191
0.05801136906330402
0.05813811847141811
0.05811792274691024
0.0581787679797021
0.05826970382973
0.05835224291600219
0.05844174298373136
0.058203967841895854
0.05821701032774789
0.058196979286396396
0.058388762306748776
0.05826762240865956
0.05834672368805984
0.058429092423528686
0.05831080978199587
0.05815054989662491
0.05826772650082906
0.05838110427225917
0.05839417410678551
0.05847195105824044
0.05848871700225338
0.05853264617919922
0.058544815532744876
0.05858789841959795
0.05850357748568058
0.05839086687842081
0.0583748487325815
0.05844663663674857
0.058458304766452675
0.05843945911952427
0.05839064939698176
0.05848654994258174
0.058408430394004375
0.05853696461141544
0.058523521907087685
0.05856364751033646
0.058625469888959614
0.05866332764321185
0.05862069129943848
0.05854737841999614
0.0586347993877199
0.05878246570455617
0.058927315555206715
0.05904324038499067
0.05897288386886184
0.05898021531585079
0.05911522388458252
0.05893812905873684
0.05881384799354955
0.0586906523486368
0.05874906577073134
0.05870921842513546
0.05876397322385739
0.059052670837207964
0.05971594550941564
0.05964087690197447
0.05959820747375488
0.05964555651504801
0.059627275408050164
0.05955568705599732
0.0594602925021474
0.05939113588044138
0.05939528453780944
0.05951372592035168
0.059683047589801606
0.05975652164256079
0.059851677277508904
0.059879947126957406
0.05999250051587127
0.05998788817080459
0.06022195158333614
0.06035753113882882
0.06053712151267312
0.060579043997209626
0.060643230931142746
0.06077323146372534
0.06092469692230225
0.06107387094866505
0.06109402860913958
0.06121493037281141
0.06119081896284352
0.06126684884767274
0.061281264469187746
0.061466887672954704
0.061501546108976325
0.06170464697338286
0.06177947395726254
0.061796340642799256
0.06178236256043116
0.06148368089310246
0.06132836808863374
0.06112995514502892
0.06095131197754217
0.06078380497579042
0.060593485832214355
0.0604133078800374
0.06028810262680054
0.06015150463996242
0.059931989943627084
0.05979389392683659
0.059891579197902306
0.05993538251737269
0.06001302223761105
0.06001308920302829
0.06003184960438655
0.06023801114570581
0.06025567849477132
0.06027764166700896
0.06031394679591341
0.06005430669292038
0.0600859461543716
0.060249146749806956
0.060251968878286856
0.060412465152652584
0.06064891487086585
0.06074148552602829
0.06086094704541293
0.06091522415299221
0.06106918352144258
0.06097840835160739
0.060992262193134854
0.060924659305148655
0.061120617706163796
0.06111925288969199
0.06121275926891126
0.06129769258624081
0.06137857126153034
0.06138990967820733
0.061296909019864836
0.061188564791699845
0.06104921785175291
0.06109332835420649
0.06100640155501285
0.06094807612745068
0.06091457955977496
0.06094041329547451
0.060953015089035036
0.060936651783860075
0.0609160178949025
0.06092861944755899
0.060858179311283296
0.06082292284284319
0.0607533425819583
0.06087741774586048
0.061034954363299955
0.06115899794551742
0.06120638370513916
0.06116887202775811
0.061335266582549564
0.061381177939916313
0.061371278575086216
0.061486122654933556
0.06156385876238346
0.06166662130838238
0.06166399634161661
0.061657063289038465
0.06178574011876033
0.062008504209847284
0.06213837452517211
0.06199540566128923
0.06188196485692805
0.06183014545800551
0.06180961239606814
0.061817181690801845
0.06182513664017862
0.06177303161762904
0.061737227439880374
0.06176044932150753
0.061970566125477064
0.06206569392165858
0.062047173507022164
0.06215223225680264
0.062245693759641785
0.062324121110275764
0.06234881860746754
0.062394872788460023
0.062419113091060095
0.06253468184284468
0.06248596543115927
0.0626099488760473
0.06304117995248713
0.06292177083199485
0.06295409569373497
0.06301115281905863
0.06313711570368873
0.06326467933126799
0.06325917326170823
0.06336223628512773
0.06379251120841667
0.0638128523126804
0.06395685834949519
0.06411949254698672
0.06433548959525856
0.06444228458083438
0.06440365314483643
0.06455911999960808
0.0646902616818746
0.06475417954581124
0.06474242068284394
0.06475354893372791
0.06474793663150386
0.06482434976296347
0.06499989905388527
0.06529946901899207
0.06530052113842655
0.06535221997973989
0.06560056209564209
0.06575833639531274
0.06577952091510479
0.06583803606490357
0.0658907525858302
0.06624571785094246
0.06631639562075652
0.0663869027459659
0.06645391797119717
0.06652182994591405
0.06675473898649216
0.06702051652926151
0.06714725050126544
0.06742270221651155
0.06744327147801717
0.06742191314697266
0.06770623973542196
0.06779593356887864
0.06800193830234248
0.06825898483531453
0.06835152524890321
0.06846270532406348
0.06855754751756966
0.06886823900469073
0.06895648505159481
0.06899867769497545
0.0690506412869408
0.0693609176828175
0.06933696030159674
0.06964986514201206
0.06968009261523976
0.06968868582829003
0.07012261912139536
0.07025627492120592
0.07041243481081585
0.07048639352770819
0.07044397751030894
0.0703724811674882
0.07038035474974534
0.07061790395261223
0.0705986636025565
0.07058418646157637
0.07054242898117412
0.07044277245194648
0.07043862342834473
0.0707798977972756
0.07075817263528203
0.07085829221901774
0.07100663970968576
0.07108301771052368
0.07126770748032464
0.0713653128563202
0.0717317392812908
0.07180654444313575
0.07183281667939909
0.07221206051029572
0.07218200326617298
0.07243936133319741
0.07239793370599332
0.07249496428947139
0.07263361892184696
0.07277225933948939
0.0729204095819945
0.07323598478179195
0.07320384035773456
0.07338267008463542
0.07357684982583877
0.07359433300615306
0.07386873512671738
0.07400756020659192
0.07406715970290334
0.07415143273321037
0.07435805198409795
0.07440121802586488
0.07457015725473563
0.07477122282052968
0.07495008416744094
0.07522646093245317
0.07523988448467452
0.0752956566896414
0.07526634778731908
0.07533617824544687
0.07528119914385738
0.07537984544690936
0.0753146676242654
0.0754286337502395
0.07553707108353123
0.07551199483030689
0.07573426608464226
0.0758547854602785
0.07597511053085328
0.07620725667387471
0.07636586231971855
0.07657323285900333
0.07674033689026785
0.07693586820437584
0.07706587479032319
0.07733669562187476
0.0773482667464836
0.07759138016362645
0.07775320192662681
0.07793377031665069
0.0781325304392472
0.07831014501557801
0.07856658230657163
0.07877685822636248
0.07890034466981888
0.07912354675128305
0.07946453938643898
0.07964300540295877
0.07982487848826818
0.08009520052730895
0.08021078629516312
0.08040258901339051
0.08039924839757523
0.08057749411639045
0.08083157919941933
0.08096077849770039
0.08140012705437491
0.08141922283839513
0.08154908280039942
0.08191939462365241
0.08197444566973934
0.08220331057665255
0.08247164262604603
0.08257917754951564
0.08290607393334765
0.08305870204550178
0.08320308330396539
0.08328103313141912
0.08354314511472528
0.08369937721563846
0.08390669153826269
0.08399289133317314
0.08423811089885128
0.08453113255875834
0.08454004638398174
0.08469272779938358
0.08511324599385262
0.08524409221912546
0.08547262297736274
0.08551706601669413
0.08574662535591462
0.08596995334751559
0.08620357355882417
0.08625367814367944
0.08661051643522162
0.0867710609143881
0.08685725432816552
0.08700070765543087
0.08733551191247028
0.08757118702969169
0.08768860602275634
0.08782117722101397
0.08816976074514718
0.08829473269883023
0.08865688491788545
0.08881088548860407
0.08897514985157894
0.08923620252466913
0.08930409664803363
0.08964327439634157
0.08971216668516903
0.09003756313444948
0.09012002884587154
0.0904630244405646
0.0906437229709465
0.09083592516821136
0.09101285246126821
0.09132287547085628
0.09156568000713984
0.09160210684778289
0.09188243462337004
0.09226845263447574
0.09230181796491639
0.09245057106018066
0.09275340052789131
0.09289613005072185
0.09317883018587457
0.0934301587945357
0.09373347953874238
0.09387761026681563
0.09395060209723992
0.09430700189927045
0.09439711097763617
0.09464999593869604
0.09495407823593385
0.09507330226706308
0.09536332011701591
0.09563752596746226
0.09590890407562255
0.09590416040249214
0.0961649731335887
0.09657452973883385
0.09657329841265602
0.09673641648623023
0.09694836686251192
0.09713461178059174
0.09731448166013702
0.09739242602425147
0.09748406129724839
0.09739041841659994
0.09747587842866778
0.09754905273110313
0.09777580856813067
0.09788093289125313
0.09790609141652898
0.09808803895917113
0.09826933232973901
0.09835732098029988
0.09862543161098773
0.09885288978034841
0.09901713183099739
0.09934649823044728
0.09960174560546875
0.0998081111907959
0.09998987926729731
0.10029673621595697
0.10043785021160588
0.10069414978892681
0.10095250831460054
0.10113469490223685
0.1014043540882885
0.10160362966512426
0.10191584838910049
0.10208251587698393
0.10234316560759474
0.10245429914534869
0.10277333755918595
0.10305014744760375
0.10322219707347728
0.1034675918092569
0.10360520924149404
0.10375380076975674
0.10403752151657553
0.1043519461920502
0.10459302982567867
0.1047979072417376
0.10505898851547799
0.10519085946630259
0.10524006106636741
0.10550007153768938
0.10562045721040256
0.1058196426515769
0.10603889102109502
0.10625256289232958
0.10651502634981554
0.10701530925675397
0.1071316478072956
0.10728688871284717
0.10745404149804796
0.10765451670967958
0.10786812288481146
0.10808908410013039
0.10837966626417553
0.10852063229653687
0.10895266044266233
0.10905333296962516
0.10920776951480919
0.10947272940972567
0.10985802265635708
0.11007280733873465
0.11026069626107916
0.1105163521791628
0.11078927658160805
0.11095566708108653
0.11120378929707739
0.11162377064934637
0.1118329227176917
0.11204390122276925
0.11242557311880177
0.11259378541562315
0.11294638414153528
0.11315052955064725
0.11345675383528618
0.11370030916654146
0.11407958972982986
0.11430177209324488
0.11449228095359543
0.1148949742114807
0.11511616141109143
0.11516288855757609
0.11546352988964803
0.11561043547940697
0.1157794400096341
0.11612196128909327
0.11634963630829881
0.11650981216175073
0.11677652497754049
0.11698240429809774
0.1172405219078064
0.11752092858122509
0.11767603551034515
0.11790443731975397
0.11816892126538106
0.11826822422752696
0.11848196888914203
0.11872207195401388
0.11890842216579538
0.11908485971648118
0.119160858529513
0.11915208352958317
0.11922267371532964
0.11946789669951646
0.11969763059957796
0.11993579825734704
0.12016875093633478
0.12047411015972713
0.12071201446372715
0.121004266769705
0.12117668928638581
0.12146889990654544
0.1216046223686439
0.12169742201534167
0.12164683563586993
0.12182444534301758
0.12203868395223404
0.12232512454286906
0.1224588315198376
0.12274649563957662
0.12298936616806756
0.12327641465962405
0.12354709264598315
0.12379680952942955
0.1240049845036648
0.12433633391312726
0.12459917863210042
0.12475876156913242
0.12505504815929736
0.12532230124973542
0.12545505575835705
0.12565922253589362
0.12586875570897374
0.126114619464192
0.12649908199073365
0.12673359139021054
0.12691579108636813
0.12727600050488433
0.1274128622478909
0.1276899721295514
0.12789955139160156
0.12817738023221767
0.12835494506578504
0.12861704059618356
0.1288430413704035
0.1290860638363671
0.12935837703507122
0.12970364873993523
0.13008578135249824
0.13038610941723375
0.13063436710473264
0.1308758352599959
0.131127803347262
0.13144363752857052
0.13189803404980396
0.13210056419659377
0.13242424823142387
0.1327122916346011
0.13298227008945213
0.13319006343949893
0.13343304626977265
0.13347676436343242
0.13365795427844637
0.13385517955003487
0.1340931431122279
0.1344153835155346
0.13461346104300234
0.13505443089821842
0.13524809312679775
0.13555587479221978
0.13586772469913258
0.1361816258507503
0.13645782638505058
0.13673816837294037
0.13701191108826308
0.13736594541229472
0.13758359740843926
0.13797882967120176
0.13817773447480314
0.13848118200703524
0.1388204083926436
0.13916552808626342
0.13934411375508832
0.1396910408014515
0.14007383499090542
0.14026185591443838
0.14061390874029575
0.14074841633417684
0.14103115561356858
0.14122737494319976
0.14155871391296387
0.14176575739611572
0.1420365646693781
0.14237681357653686
0.1425480083985762
0.14284674969125302
0.1430870807880045
0.14330088333496785
0.14361236661167467
0.1439399288806996
0.1441875226061109
0.14451380386298887
0.1448277174756768
0.1451763575073713
0.1455989822286184
0.1457531612236183
0.14605765502546086
0.1464145190213681
0.14673344438122507
0.14686700598089353
0.14716294076707628
0.14742482221076955
0.147719211525534
0.14800718216480555
0.14828894875984824
0.148659835026182
0.14883913153130818
0.14918610121557768
0.14956913020584608
0.149769810819168
0.149617824815724
0.1497469476733749
0.14989442219499682
0.1500855643622384
0.1501919200050084
0.15041721110441247
0.15064465934815613
0.151062342334473
0.15117716369267079
0.15156802789122875
0.15173611963117445
0.15206800877806628
0.15237808838044858
0.1526762665842295
0.1529843320128738
0.15325711973561537
0.15368601336236293
0.15399784990742185
0.15437130845166783
0.1546616936239286
0.15487509314219156
0.15524129829457534
0.15527166774932374
0.1552779665031281
0.1557512096764238
0.15597909238954252
0.156285787700976
0.15663580881872138
0.1569818997446025
0.15729155810611206
0.15760688028837505
0.15792919552435855
0.15826929585514418
0.15850591440813258
0.15894774367047854
0.15913701992408902
0.1593628748278705
0.15962595237125163
0.1598379329467813
0.16016095946452089
0.1605259607364605
0.16083517550803653
0.16104612789005812
0.1613861330113775
0.16159130251684853
0.16192987011324975
0.16236038675013276
0.16265738087117748
0.16297339780165174
0.1632650874851604
0.1636147080323635
0.1640725544869671
0.16434207413812427
0.16471927467433886
0.16505173456912137
0.16542237093494197
0.16575128158540217
0.16602800852764668
0.16627041972833237
0.16658614766612856
0.1669510702543621
0.16726634113586658
0.167397850089603
0.16774319520062786
0.16795346388588625
0.1684166560382963
0.1686636059727501
0.1689237085459672
0.1690914263402609
0.16938036762280517
0.1696735218167305
0.17009236988205736
0.1702700713626167
0.1706790882504892
0.17095472741482862
0.17129311265412325
0.1715812934539454
0.17180017379136778
0.17213688038363315
0.17248309056455333
0.1728332958103698
0.17311925835144945
0.1732615376340932
0.17365778181678987
0.173921038829138
0.1742608623270608
0.17453215665677013
0.17486920642736054
0.17528418923357006
0.1754557265466823
0.17582931925610798
0.17628058243030173
0.1765886246432933
0.17695679004108342
0.17734792423479764
0.17777731028470126
0.1781442912958436
0.17846584752508346
0.1788726184103224
0.1791635574851594
0.17947700310902423
0.17973420708905344
0.180074417247222
0.18041561001918469
0.18072298133401848
0.18108130729127073
0.1814566154799393
0.18176122976460338
0.18201651066755054
0.18223926506679022
0.18248993385405768
0.18284210438677304
0.18314731885588367
0.183470526906802
0.18372210309403766
0.1841675202522052
0.18450445119934442
0.1848859975582875
0.1852989283935079
0.18566477031954887
0.1860585526859059
0.1863624999161753
0.1867580385834958
0.1870824851855583
0.1872474421382788
0.1874881811309279
0.18780051130000677
0.18814744693395555
0.18844876978502964
0.18891468231281108
0.18924449210943178
0.1895502311427419
0.18995929815376442
0.1903942004277836
0.19068712630757578
0.19103461331714786
0.19138353994206522
0.19175232212986226
0.19209053988830285
0.19242891316035263
0.19292087143865125
0.1932782976279713
0.19361294573600138
0.19400400804080503
0.19441309073424176
0.19477237973894393
0.19511934094233055
0.19549117691840387
0.19579104600571826
0.1962470612292675
0.1966744607145136
0.1969552960217202
0.19731249317290292
0.19764038606516232
0.1979104407232811
0.1983285658777097
0.19866992846030415
0.19900360774026246
0.19951518322970416
0.19997905773038402
0.20027549749010065
0.20066591304560702
0.20106035711519388
0.20154223383340697
0.20185396041912787
0.20228142525230705
0.2026798278093338
0.2030871900560598
0.2034529439590556
0.2037609673713285
0.20419144762886896
0.20453392228857922
0.2048925010698069
0.20522430199193267
0.20570006017136364
0.20611011784379654
0.20653076624501884
0.2069198662022903
0.2072519891062497
0.20755641583693435
0.20789092975658374
0.20827313809441944
0.20852208294366537
0.20875372447946638
0.20905922747806074
0.20936463309116052
0.20972048715733024
0.21013813658395017
0.21056713647572303
0.2109647150008541
0.21146623388580654
0.21186086771671986
0.21217475485646545
0.21262939986273371
0.2130308522806539
0.2134527742540514
0.21383555069340485
0.21423555989352888
0.21466415015787915
0.21507435106743525
0.2155180279926587
0.2158756517313989
0.21621480596935289
0.2165280553688957
0.2170241639751949
0.21747232044444365
0.21793157830197588
0.21836917301125053
0.2187552879105753
0.21909263720527625
0.21944249766938229
0.21983405304765855
0.22022878010055316
0.22059336042353608
0.22102522016581844
0.2214176992890696
0.2218268645994255
0.222338838587341
0.22269124018995068
0.22304287172846096
0.22343966458973133
0.22372585842160647
0.2239225193732927
0.2242758531760569
0.2243440091235083
0.22444274113440388
0.22454744602347018
0.2247356730693311
0.2249222095425791
0.2250583174330599
0.22532378261288008
0.22562200866802426
0.22599876868749608
0.22634605480007913
0.2267414299284274
0.227206886370565
0.2276423848687245
0.2280321673498775
0.2284736983047044
0.22889449844911494
0.22928968139530456
0.22979924239287292
0.23023298370494763
0.2306751337472851
0.2311277015008476
0.23158852234864846
0.23202742709488164
0.23249821945979138
0.23296396400787103
0.23341653880352142
0.23383599373759056
0.23389462156033297
0.23431221894965396
0.23469197859235358
0.23503980403993188
0.23552337661007333
0.23601550601316998
0.23652967831767197
0.2370588055506409
0.23759605187858682
0.2380838394165039
0.2386457857522666
0.2391470538512353
0.2395586427244895
0.240026314493636
0.24051681403538688
0.24097002581898946
0.24139305103267567
0.24162134474408412
0.24201170484105627
0.24236162447929382
0.24283899079550517
0.24325165015732694
0.2437308186429329
0.24414806608184875
0.24462289383162314
0.24509210069895265
0.2456981830350692
0.2462396032753445
0.24663747432092492
0.2472533636754102
0.24778404976328802
0.24829838351298697
0.24874839048395034
0.24944549716671072
0.24999939843351618
0.2505607252984535
