10	1.0
100	1.0
1000	4.0
10000	172.0
20000	686.0
30000	1689.0
40000	2817.0
50000	4372.0
60000	6624.0
70000	8424.0
80000	11104.0
90000	15843.0
100000	21847.0
110000	27055.0
120000	31729.0
130000	59614.0
140000	76955.0
150000	40535.0
160000	44150.0
170000	52605.0
180000	65364.99999999999
190000	66389.0
200000	105009.0
210000	150446.0
220000	148942.0
230000	128374.0
240000	100020.00000000001
250000	109634.0
260000	193077.0
270000	150739.0
280000	141478.0
290000	185940.0
300000	158777.0
310000	195879.0
320000	355715.00000000006
330000	379037.0
340000	364611.0
350000	419835.0
360000	349758.0
370000	375846.0
380000	424909.0
390000	513677.0
400000	382504.0
410000	567334.0
420000	373015.0
430000	385382.0
440000	366751.0
450000	640271.0
460000	601954.0
470000	500383.0
480000	467338.0
490000	716386.0
500000	532583.0
510000	496710.0
520000	475539.0
530000	701821.0
540000	716656.0
550000	716626.0
560000	806362.0
570000	553316.0
580000	831452.0
590000	1039644.0000000001
600000	1229309.0
610000	824831.0
620000	1274925.0
630000	934346.0
640000	701125.0
650000	749306.0
660000	776490.0
670000	775739.0
680000	809948.0
690000	879968.0
700000	1258565.0
710000	1059137.0
720000	897607.0
730000	1334916.0
740000	931121.0
750000	1386691.0
760000	1707376.0
770000	1777399.0
780000	1095506.0
790000	1432374.0
800000	1589898.0
810000	1591195.0
820000	1365758.0
830000	1176285.0
840000	1225652.0
850000	1253248.0
860000	1235550.0
870000	1154599.0
880000	1086535.0
890000	1114056.0
900000	1112952.0
910000	1145820.0
920000	1149435.0
930000	1182534.0
940000	1201436.0
950000	1317011.0
960000	1366542.0
970000	1783668.0
980000	2089509.0000000002
990000	2933349.0
1000000	2568858.0
