10	2.0
100	1.0
1000	3.0
10000	140.0
20000	533.0
30000	1174.0
40000	2198.0
50000	3487.0
60000	5030.0
70000	6524.0
80000	8554.0
90000	11250.0
100000	13284.0
110000	16312.999999999998
120000	19738.0
130000	22934.0
140000	26793.0
150000	30200.0
160000	34268.0
170000	41870.0
180000	49265.0
190000	55784.0
200000	67224.0
210000	71109.0
220000	79775.99999999999
230000	84337.0
240000	95108.0
250000	101205.0
260000	108829.00000000001
270000	116082.0
280000	123149.0
290000	141595.0
300000	145526.0
310000	154716.0
320000	170159.0
330000	172679.0
340000	189856.0
350000	192202.0
360000	205280.0
370000	215003.0
380000	225156.0
390000	241397.0
400000	248807.0
410000	266271.0
420000	273326.0
430000	294846.0
440000	305563.0
450000	311550.0
460000	325939.0
470000	340149.0
480000	362000.0
490000	360314.0
500000	380186.0
510000	392641.0
520000	416237.0
530000	429851.0
540000	441849.0
550000	456038.0
560000	556014.0
570000	613281.0
580000	633994.0
590000	666862.0
600000	663881.0
610000	583565.0
620000	587582.0
630000	634190.0
640000	641143.0
650000	669619.0
660000	697147.0
670000	733309.0
680000	735907.0
690000	766096.0
700000	954022.0
710000	750604.0
720000	752786.0
730000	766212.0
740000	793635.0
750000	825259.0
760000	855844.0
770000	867506.0
780000	885069.0
790000	990582.0
800000	1160857.0
810000	1157984.0
820000	1013919.0
830000	1016290.0
840000	1063298.0
850000	1099054.0
860000	1119227.0
870000	1096058.0
880000	1066655.0
890000	1123243.0
900000	1147411.0
910000	1716253.0
920000	2340404.0
930000	1695999.0
940000	2486068.0
950000	2598996.0
960000	2265049.0
970000	1831719.0
980000	1672332.0
990000	3013119.0
1000000	2428756.0
