10	1.0
100	1.0
1000	3.0
10000	160.0
20000	603.0
30000	1484.0
40000	2634.0
50000	4058.0
60000	5525.0
70000	7551.0
80000	10645.0
90000	14415.0
100000	17854.0
110000	24326.0
120000	32494.000000000004
130000	37086.0
140000	48830.0
150000	54662.0
160000	66465.0
170000	50191.0
180000	63681.0
190000	65260.00000000001
200000	107577.0
210000	120869.0
220000	83620.0
230000	92664.0
240000	99791.0
250000	132975.0
260000	193147.0
270000	128169.99999999999
280000	136947.0
290000	236616.0
300000	157343.0
310000	182362.0
320000	299511.0
330000	295244.0
340000	245066.0
350000	375759.0
360000	401260.0
370000	251691.0
380000	245285.0
390000	405283.0
400000	309448.0
410000	558918.0
420000	594363.0
430000	512498.0
440000	498916.0
450000	472079.0
460000	709671.0
470000	436022.0
480000	401242.0
490000	804630.0
500000	840698.0
510000	649547.0
520000	712613.0
530000	562457.0
540000	843536.0
550000	735745.0
560000	837002.0
570000	1066403.0
580000	994488.0
590000	676385.0
600000	970288.0
610000	1147648.0
620000	902346.0
630000	1277115.0
640000	863954.0
650000	1161079.0
660000	929090.0
670000	933459.0000000001
680000	1106811.0
690000	1208713.0
700000	851098.0
710000	973136.0
720000	1255558.0
730000	1135962.0
740000	1190646.0
750000	1585631.0
760000	1180332.0
770000	1082861.0
780000	1632177.0
790000	1132516.0
800000	1545949.0
810000	1449155.0
820000	1154351.0
830000	1189098.0
840000	1221743.0
850000	1228219.0
860000	1175522.0
870000	1091230.0
880000	1089192.0
890000	1093320.0
900000	1114042.0
910000	1135235.0
920000	1159566.0
930000	1176596.0
940000	1236844.0
950000	1340886.0
960000	2009948.0
970000	1917270.0
980000	2293343.0
990000	2925556.0
1000000	2515356.0
