2099822
2471051
3082832
2345404
2923075
2830907
3365791
1651284
3244602
4025149
2746343
1822480
3372418
3444340
3856012
3225607
2239119
1187465
2824309
4357521
1518054
2084506
2196678
3932147
2499341
3526521
3856390
2737461
3659563
3951968
1635710
3831359
4581471
3855436
1566304
2258061
3025746
3906381
2154789
2546001
1952103
3147538
1051623
3240818
3527150
3048735
3323210
3241633
4001070
1428936
3853375
2984382
961066
2151819
4442745
3741368
1614356
1865065
3138799
2568912
1355317
2973281
3766706
1875182
2094544
1722434
2251072
3773319
4017077
1430931
1613966
3906672
2700039
2661616
1664800
1878754
2216614
3091303
3680985
2296796
2664901
3234172
2191527
4426615
2236879
3963814
3805665
3651908
4017607
2528885
3822850
3899549
2559434
2502525
2813184
3365614
2179864
1595770
3212789
1958167
3418829
4381297
2918331
3755616
3244868
3293418
4234276
3853585
3725300
3887162
2381906
2950590
4143484
1973994
4222351
3005888
3583827
2911746
3707801
3693221
4295106
4175472
3773183
3949544
4633729
2034929
1612914
3202916
4609164
1310222
4168662
3269932
4505003
3808698
2663009
2328860
3280721
4380180
2931029
3775944
2601451
3546320
2697210
3268492
3905947
2746744
2548343
4293575
1999846
1891749
4237381
1162767
2629278
3115616
2052005
3789061
3395216
1998930
3846417
2425728
2275012
3512935
2188315
3500340
3848322
2438495
2812289
1381617
4143604
2670234
3261911
1854453
3408295
2092935
2771818
2208392
3068488
3158533
4034187
2491612
3655429
1944464
1512820
2815247
3882715
4488725
3851522
3449919
3878356
2599299
2631330
2647869
3082863
3520804
2291921
3956822
3197849
3901130
2985076
3790725
2555508
3750062
3074009
4068702
3643938
3809197
3952012
2892373
3436122
2627081
3787271
3255065
3991036
3618132
3906146
3157140
4482191
4578735
3625544
2450799
2159078
3105098
1364401
3550895
2876632
2771475
3850800
4423381
4120629
4346942
4170177
4523772
3024468
3665208
3455664
4200144
4558602
2128928
4403640
3927997
2811803
2543316
2697181
4527050
4259746
2547544
3090549
4378204
4493652
4325742
4023461
4408170
2558911
4288908
3888993
4489131
2821101
4200106
3906171
3906528
3909114
3913452
3907911
3795249
3906022
3917155
1567052
2764946
4007906
2029721
4125668
2328049
2265526
4203897
3276138
3464344
2816277
4285090
3233328
2402582
3554250
3049914
4616279
2688490
3298178
3114369
4030259
2439770
3505035
3905980
2934979
3906140
2812833
4081001
2592893
4529284
2793096
3576773
3906363
3337566
2816458
3572113
3116972
1820031
3906471
2215183
2793601
3616651
4074823
2809431
2714512
3906629
4223985
4045643
2793220
2805763
4446198
3439199
3494008
4535903
3362655
2800777
3609792
4299417
3791034
3347186
2793195
2034022
4547300
2795930
3664260
3725505
2775296
3161241
3572329
2793526
2611100
3056943
3361266
2161447
3428501
4408822
3666459
4028880
1968648
2709325
3376581
4589606
2680378
2793783
3180162
4368383
3246486
3317562
3084244
4342001
4158545
3689784
4311318
3402041
2793264
4099913
3797555
3050555
3409831
3075580
3872485
4437903
3131681
4080211
2793034
4352875
3047633
3955479
3968285
2521386
4301582
2107989
3214255
2652594
3000591
3887093
2010132
4549663
2696600
4068910
3458839
4313457
2213321
2793544
4472334
3966276
3906311
3906566
3952490
4017509
2494827
3419059
3929180
3318155
3677833
4216650
4630636
3438662
2544922
4172639
2356041
2735002
4178729
4286512
3320528
3983870
3608989
3079248
3370210
4438893
3133088
3731545
2102373
3462404
4339945
2889085
4507974
4152533
2648230
1494442
1570336
2319689
4204802
4409122
4033340
4250682
3886433
4447170
4305701
3485744
4120270
4346056
3562265
3827951
4391135
3343113
2336914
3640358
3856080
4416141
4263607
3442220
4317570
3232516
4353197
4546315
4182556
3355451
4599291
3861279
1934106
4053798
4642203
4280776
2070844
3447187
2560415
3235048
4140681
2616490
1252357
2935432
3956030
2285596
3602704
2692172
4604160
2389910
2746136
3867778
4432557
3125590
4065514
2501918
3457769
4103841
3780510
4334626
3540837
4145455
3968548
3986654
4576849
4201291
4407429
1783575
3372935
4031426
2413982
3675272
4444043
1976256
4078378
4302545
3220061
3464821
4114991
2577874
3787998
2893474
3256708
4385318
4003748
4581719
3634827
2717936
1836128
4038877
4630278
2438622
4082947
4491845
3226749
3490962
2596118
4351638
4172201
3042449
4012690
2351147
3643912
2734568
4637760
3699014
4269142
4470046
3173907
2836859
2155270
2610096
3953330
4552126
2226274
3578973
2677124
4185584
4399801
4017964
3659361
4229451
4428791
4644455
4286219
3902419
2074724
3185195
3450545
2564241
4331241
2860794
3925084
4504980
2165360
3533426
4142939
3803828
2951114
3957428
4561947
3982810
4574411
2291018
3608774
4199712
3844476
4405899
4608647
2397070
3665327
4236673
3422220
4068920
3731070
4483073
3203997
3459942
4107634
2571872
3785064
4339842
3252653
3930623
4507753
4152470
4378861
3328251
3991975
4578639
3619221
4408928
3374739
4033339
4616959
4245126
2759893
1982237
3433509
3223065
4117521
2586065
3790671
2901998
2195178
4164699
2658407
3816017
3827540
4389969
3026558
4588351
4220163
2732843
4415546
3386736
4039630
2449578
4456089
3440103
3764646
2826630
2151494
3232117
3496635
4540193
3574312
4174072
2679941
3831530
3355163
4016148
4597735
2375683
4225952
3859571
1934015
3111616
3406744
4050947
4641337
3705240
4280571
3897912
3178103
3445756
3920127
4139274
4360521
4553583
3601441
4193247
2690218
4402334
3070940
3364552
4021414
3867675
1955143
3123969
3418149
2500541
2802897
2567632
3778477
4334417
3245116
4375759
2965612
4564919
2281138
3322283
3985079
4576162
2292884
4407206
4238297
2757038
3738103
3906358
4114793
3787889
3256105
1513719
3819236
3337003
3630703
4207531
4412849
1833365
3378096
4035237
4625197
4082917
3755270
4311313
4491208
2140401
3490800
4120779
2595871
2913121
4533343
2201518
3569769
4172164
2662946
3829767
3032073
4595369
3642763
2733697
1879007
3103895
3400347
3693693
3892038
4469667
3443262
2834960
3912626
3504454
4356041
3279854
2225353
3578829
3838984
1684583
3355947
4600996
3657807
4226663
3862627
4427277
3409776
4056059
4642983
3713400
4480785
2074059
3773309
4331124
2856703
2164316
3533086
4140989
3802726
4369969
4561647
4574113
3606544
4197915
3843718
3074417
3366769
4024534
4605662
3870640
3419555
3730222
4482714
2098606
2570338
3784491
4336526
2885593
3929736
4507640
3808494
1453048
4203754
2705516
1819423
3089938
3374524
4032389
4244757
2758998
3743778
3906427
3220797
4344627
2897658
3940647
2195171
4162092
2658405
3815164
4382222
4388955
4585197
4219592
3094947
4630854
3690265
4257572
2789708
2027756
3759887
2148236
3793814
4352266
2914996
3270062
3951365
3572972
2679016
4393865
1647795
3047277
4015551
4597707
2366567
3647701
4225893
2735988
3109684
3405946
4640935
3701176
3897289
3175389
3917417
4500425
2157065
2611324
3800365
2932824
3953720
4178752
3600503
2688616
4020564
2387080
3121052
3417512
4649746
3722596
4287669
3904506
3188979
3453737
4505859
2169791
3804811
4375420
3317491
3320693
2697869
4407125
3371375
4029500
4611328
3669045
3874949
4442304
1971944
3138107
3423552
4072700
3732696
2806068
4483221
4340435
2892359
3933140
2192572
4155046
2992839
4001092
4580766
2319718
3625550
2709924
3853361
4412484
3090423
3377259
3687693
3886510
3155796
3434621
4082704
2538370
3752299
4489474
2128961
3942439
2199144
3563977
2662413
4384262
3829271
4391384
4008745
4590197
2339368
2733438
4417832
4042909
4634409
3889781
4460845
3173097
3911595
4495944
3504343
3795107
3279640
3578656
4175807
2672076
4599502
3656911
3862180
1942947
4479362
3183886
3448507
4102126
2562220
3922487
3532524
2619006
3802570
3956202
2290334
3605671
4193772
4604216
2390445
4235975
2746139
3127393
4292543
2805387
3458733
4507633
3541887
4145854
2639448
3808130
1434236
2974992
4573818
3988370
4576953
3617274
3849895
1810384
4243990
2758618
4444778
3139229
3428181
3743761
4302767
3220229
4115334
2585811
4343950
2895453
3257673
3939486
3559471
4160932
2657445
3813934
1526592
4004055
4583195
3854672
4415495
1849897
3381649
3887873
4454290
4084542
3757494
3907747
3230345
3491294
4123533
3792940
3270058
4533885
2664819
2678174
4393667
3042617
4225587
4637887
3701117
4274114
2051916
3443979
4100368
3771290
2837974
3232847
2156117
4552872
3598395
4189184
3841229
4400311
1714286
4020489
4603080
2386393
4230165
2739761
3866884
3118705
3410228
4062550
4647654
2496028
2798446
3903957
4481764
3186802
3773837
3535302
2953063
4563278
2266219
