260.0
370.0
260.0
260.0
400.0
280.0
380.0
340.0
250.0
240.0
420.0
500.0
530.0
290.0
290.0
280.0
280.0
340.0
310.0
330.0
310.0
260.0
260.0
390.0
210.0
200.0
210.0
190.0
180.0
190.0
200.0
180.0
190.0
200.0
250.0
420.0
290.0
280.0
250.0
240.0
290.0
290.0
290.0
260.0
250.0
280.0
270.0
360.0
290.0
270.0
260.0
270.0
250.0
240.0
240.0
250.0
250.0
250.0
360.0
270.0
280.0
250.0
270.0
270.0
350.00000000000006
250.0
260.0
370.0
270.0
260.0
250.0
260.0
370.0
260.0
270.0
250.0
250.0
250.0
250.0
250.0
260.0
250.0
250.0
250.0
240.0
250.0
240.0
250.0
260.0
330.0
340.0
300.0
200.0
190.0
200.0
200.0
230.0
200.0
210.0
220.0
