30.0
30.0
30.0
30.0
30.0
30.0
30.0
30.0
30.0
30.0
40.0
40.0
30.0
40.0
40.0
40.0
40.0
40.0
30.0
30.0
30.0
30.0
30.0
30.0
30.0
30.0
30.0
40.0
40.0
30.0
40.0
40.0
40.0
40.0
40.0
30.0
30.0
30.0
60.0
60.0
50.0
50.0
50.0
50.0
30.0
30.0
30.0
30.0
30.0
30.0
30.0
30.0
40.0
40.0
30.0
30.0
30.0
40.0
30.0
40.0
40.0
40.0
30.0
40.0
40.0
30.0
40.0
40.0
40.0
30.0
30.0
40.0
40.0
30.0
30.0
50.0
30.0
30.0
30.0
30.0
40.0
30.0
30.0
30.0
50.0
40.0
30.0
30.0
40.0
30.0
40.0
40.0
30.0
40.0
30.0
30.0
30.0
30.0
30.0
30.0
