[[ 2  0  2  5  1  0]
 [ 0  1  0 11  0  0]
 [ 0  0  4  6  0  0]
 [ 0  0  0  8  0  0]
 [ 0  0  0  3  5  1]
 [ 0  0  0  1  0 10]]              precision    recall  f1-score   support

           0       1.00      0.20      0.33        10
           1       1.00      0.08      0.15        12
           2       0.67      0.40      0.50        10
           3       0.24      1.00      0.38         8
           4       0.83      0.56      0.67         9
           5       0.91      0.91      0.91        11

    accuracy                           0.50        60
   macro avg       0.77      0.52      0.49        60
weighted avg       0.80      0.50      0.49        60
