2827400
4171137
950289
1349622
402635
3750272
881871
402523
1428897
1349856
2093586
1985272
1087080
2392453
2315533
2758455
2667832
2121662
775781
3295492
2032864
4172345
2618505
4061966
1935013
4506070
934964
2568153
1436781
2718413
1794419
1724773
1053039
4062412
2858550
4061464
3122159
2097461
4049516
1821443
2880575
1794632
3295434
1612603
3304316
2645078
1515388
2981784
4572805
2346492
3233368
1793753
2130118
4300417
946940
2545182
2346803
4060238
4466585
4074731
861675
3942586
3141135
2609835
405004
1359519
1794438
953149
4067545
2887456
3956090
3380808
1264989
3909204
3933447
1350313
666206
2346282
4007065
3574470
3948450
3948364
2650421
3297666
2979777
3240605
3001610
4065531
953517
3256973
1376461
4789146
2898094
1905344
4007077
1833832
4339208
1866964
1059383
1954595
1370829
1708703
4049820
1821230
3210344
1794574
1815967
1049861
4407731
953442
4061913
1515457
953582
1795032
2689820
953523
656322
1635011
4045445
3295669
3403290
3912262
2323567
4644819
953143
3307097
3942524
4060407
4348713
953499
2324075
3308418
2323747
2860365
953613
3110705
4068732
2324231
2980382
4029017
4075854
1820925
3363544
2346789
2989496
4060333
1350124
3297532
4100479
1826451
3696055
2478638
2998498
4062238
1369896
3302972
4185381
3942500
2616238
3002431
4065055
3309047
4692525
2323878
2979323
3991329
953688
4072466
1794868
3310564
2345407
2981724
4029235
967620
3295509
4076124
1821229
3369971
2346921
2990951
4060443
1350233
3297727
1833301
3785315
2485108
2999873
4062358
3304236
2128156
3942570
3002668
3003602
1794278
3309478
2979778
955499
3239639
4074561
1795042
3310767
2346425
2986270
4044672
3295648
4076726
1821363
3384164
2357677
2992094
4060651
1351982
3298296
4153091
3000833
4062435
2279744
3942592
3955898
4067628
3309756
2324053
2980071
4014845
3247802
4074917
1803003
3311025
2346529
2988422
3296322
4077542
1821467
3512819
2368431
2992780
4061227
3299069
4158867
1912042
2607400
3001271
4062732
1486665
3305354
2765451
953533
3067354
4068059
3310111
2324142
2980300
4022244
3248096
4075348
3361518
2346693
2989048
1350084
3297346
4093858
1823080
2469441
2997704
3300577
4172853
1957416
3942425
2609772
3001742
4064095
3308678
2323800
3985269
953630
3121411
4070188
1794760
3310539
2980630
967242
3285134
4075974
1821014
3364290
2346830
2990153
4060399
3297591
4142368
1831458
3713010
2484179
2998774
4062327
1372369
3303548
4270194
3942552
758308
4065790
3309207
2323955
2979632
3996716
953754
3231096
4074081
3310696
2346246
2983370
4033360
3295585
4076175
1821272
2348255
2991456
4060494
1350268
3297799
4152221
1833947
3874832
3000421
4062396
1393763
3942578
3003251
4067181
3003650
4067469
1794354
3309582
2324025
2979891
4006971
3246033
3310891
2346464
2986970
4045889
3295670
4076981
1821403
2367940
2992583
4060717
3298728
4154485
3914666
3001018
1458662
3304703
2321694
3058290
4067826
1794452
2324070
2980224
4015033
960285
3247985
4075005
3322719
411227
2346577
2988628
4059875
1821596
2995436
3299802
1936896
3938242
2607757
3001389
4062791
3305717
4469302
2323580
2323740
3107885
4068258
4028864
963401
3256311
4075822
1820907
2346775
2989420
4060274
1350108
3297488
4098587
1823831
2477554
2998383
4062229
1360857
3302906
3942498
2615480
3001997
4064713
1607129
3308398
3309008
4678760
2323850
2979257
3990516
953672
3197090
4072358
1794817
3310557
2981479
4029226
967577
1821194
3368194
2346882
2990872
4060424
1350218
4150477
3763582
2485074
2999828
4062349
1376370
3304216
3942565
3002655
4066022
3003476
4067286
3309415
4761155
2323989
3998255
955315
4074521
3310732
2346381
2985884
4042170
3295643
4076654
1821335
2350436
2992083
4060625
3298251
4152567
1834794
3908951
3000663
4062424
2272224
3942588
3016111
4067603
1794400
3309733
2324036
2980034
958372
3247301
4074837
1799844
3310933
2988188
3295804
4077138
3496908
2368374
2992738
4061212
1356023
3299017
4158574
3920147
2601132
3001172
4062721
3305185
4439461
2323523
3953737
3966913
3066880
4068018
1794558
3310011
408135
2324128
2980291
4019244
960429
3248038
4075276
1810204
3361278
411334
2346675
2988781
4059959
1350076
3297323
4092149
1821704
2464211
2997689
3300128
4172700
1955240
3942418
2608579
3001705
4063794
3307297
4528928
2323664
3308592
4616650
2323776
953621
4069412
1794708
3310512
2335675
2980532
4029061
966761
4075960
1820976
3363727
2346824
2989577
4060367
1350138
3297579
4132416
1828455
3704974
2483932
2998727
4062299
3303433
3942549
2616392
3002502
4065741
3309082
4696527
2323917
2979587
953736
4073979
1794879
3310646
2346234
2982049
4029636
3295523
4076144
1821239
3375417
2348233
2991299
4060491
1350262
3297794
4152108
2501083
3000275
4062386
1393699
3304290
3942576
3002970
4067142
4067358
1794322
3309520
2324022
2979816
4005850
956460
3244714
4074686
1795077
3310835
2346447
2986922
4076974
1821382
2367452
2992277
4060710
1354325
4153885
2558196
3000887
4062709
3304515
2789067
3956000
3052065
4067809
3309822
2980201
4015003
959749
3247824
4074986
1808399
3311905
2346573
2988443
4059860
3297177
4078321
1821565
3526213
2373320
2993973
4061911
1359290
3299713
4171516
3938010
2607737
3001382
4062786
2323733
2833145
953552
3084197
4068163
1794587
3310172
2324173
2980369
4028823
960807
3250228
4075602
1820835
3362912
2346767
2989392
4060249
1350099
3297358
4094120
1823697
3653009
2475953
2998095
4062189
1359832
3302245
4173431
1990120
3942475
2613045
3001862
3308219
3309005
2323840
2942776
3990247
4072349
1794813
3310553
2339456
2980822
4029158
967539
3295452
4076107
1821120
3367143
2346875
2990531
4060422
1350209
3297610
4150312
2999789
4062345
3942558
3002624
4065839
3003419
4067261
3309318
2323971
2979644
3997340
954074
3236868
1794989
3310717
2985073
3295642
4076459
1821318
3379570
2349635
2992047
4060587
1350282
3298176
4152560
1834149
3902426
2514823
3000577
4062423
3304499
4352092
3004243
4067595
1794399
3309632
2324035
2979952
957942
3247204
1797875
2346486
2988094
4046630
3295721
4077130
1821434
2368367
2992642
4061034
1355738
1906571
3920017
2600988
3001112
3305063
2323510
3950684
2810845
3966902
3066494
4067943
1794506
2324119
2980256
4015156
960403
3248032
4075215
1810002
3359370
2346634
2988707
4059938
3297322
1821681
3533092
2460110
2996213
4061931
1359380
3299833
3942409
2608331
3001658
4063126
1515541
2323655
3308543
4586592
2323775
3983794
953614
3114902
4069206
1794685
3310494
2326127
2980400
4029047
3262352
4075926
1820958
2989545
4060352
1350130
3297534
4130952
3704148
2483900
2998525
4062248
3303086
4246731
2034200
2616304
3002492
3309070
4695382
2323890
2979439
3991479
953697
3217219
4072540
1794875
3310571
2345885
4029378
1005258
3295512
4076135
3370105
2346924
2991159
4060457
3297759
4151214
1833511
3806722
2485691
3000070
4062378
1380532
3304256
3942571
2655537
3002905
3003614
4067351
1794293
3309513
2324015
2979814
4003669
955592
4074643
1795074
2346430
2986821
4045069
3295650
4076829
3389596
2358872
2992149
4060659
3298340
4153877
1844603
3909414
2557732
3000851
4062558
4403000
2716447
3944096
2778199
3955973
953375
3033094
4067638
1794430
3309781
2324054
2980157
4014956
3247819
4074964
1805842
2346563
2988424
3296937
4078276
1821473
2368476
2993005
1358573
3299452
3933969
2607569
3001280
4062748
1501769
3305356
2323555
953548
3078230
4068074
1794579
3310146
408344
2980311
4028119
960503
3248101
4075415
1820648
3362755
2346697
2989296
1350091
3297354
4093969
1823553
3618947
2473508
2997944
4062010
1359668
3300627
4172887
3942457
3001830
4064358
3308187
2323706
3308918
2323805
2902503
3989225
953657
4071633
1794794
3310544
2337857
2980783
4029142
967328
4076106
1821094
3366678
2346842
2990160
4144013
1832464
2484653
4062343
3304166
3942556
3002588
4065792
1690274
3003337
3309247
2323966
2979634
3996749
953768
4074219
3310702
2346274
2984453
4037258
3295639
4076209
1821309
3377888
2348748
2991609
4060508
1350276
3297851
1834019
670399
2513413
3000535
1405626
3304486
3942581
3003662
1794367
3309620
2324029
2979910
4006993
957922
3246050
4074808
1795803
3310900
2346470
2987820
4046276
1209162
3295691
4077129
1821416
3430677
2368117
2992607
4060729
1355158
3298817
4157248
3915039
2600922
3001089
3305045
4429281
2323481
2737041
3950037
953097
2807847
3960399
3060064
1794482
3309925
2980242
4015073
960360
3247989
4075136
1808825
3348516
2346614
2988643
4059898
1349839
3297319
1821639
2996038
4061918
1359323
3299832
4172249
1953466
3941471
2607942
4062888
3306733
4491808
2323597
