1985388
2397958
827270	
1306564
408869	
1686014
1538216
4776999
1601876
2824255
1571451
1833899
882361	
1833900
2480282
2380285
2547736
967507	
913847	
1833910
4262286
2686323
2927160
1266815
864525	
1372162
1707272
3272868
3097992
2218083
687258	
1226295
2269889
2389500
822460	
878790	
2648566
1494170
3293703
2680859
2327210
2219599
2901673
765002	
1271926
2701473
3408373
3076431
3317859
2510388
3769471
710794	
2620671
2574536
715487	
2985550
2550058
1715272
2350007
1523645
3941449
3449407
1833917
4207797
2372658
1499919
2980487
1626725
1801536
2138516
3817762
1456838
1947174
4446967
2122750
1087797
1920387
3098214
3876326
3655749
1410621
2802099
3744361
2771179
3118558
3946022
3222255
1188556
2349936
3068036
4093843
1371908
3055459
2651216
3190411
1315182
2540334
4518703
1307799
4132258