40.0
40.0
40.0
40.0
40.0
40.0
40.0
40.0
40.0
40.0
40.0
40.0
40.0
40.0
40.0
40.0
40.0
40.0
40.0
40.0
40.0
40.0
40.0
40.0
40.0
40.0
40.0
40.0
40.0
40.0
40.0
40.0
40.0
40.0
40.0
40.0
40.0
40.0
40.0
40.0
60.0
60.0
40.0
60.0
60.0
40.0
60.0
50.0
50.0
40.0
40.0
60.0
60.0
60.0
50.0
50.0
40.0
60.0
40.0
40.0
50.0
40.0
50.0
50.0
40.0
60.0
50.0
50.0
70.0
60.0
40.0
50.0
40.0
40.0
50.0
40.0
40.0
40.0
50.0
50.0
50.0
50.0
50.0
50.0
40.0
40.0
60.0
60.0
40.0
40.0
50.0
40.0
60.0
40.0
60.0
40.0
40.0
40.0
40.0
60.0
