151580.0
146110.0
148260.0
138650.0
136670.0
135850.0
138560.0
136980.0
137720.0
135220.0
135330.0
135830.0
135920.0
135470.0
134970.0
135680.0
136940.0
135050.0
134900.0
134970.0
135170.0
135250.0
136990.0
139360.0
136240.0
135480.0
135000.0
135010.0
136800.0
135430.0
136060.0
134480.0
135910.0
137360.0
135450.0
136490.0
135340.0
134700.0
135170.0
135600.0
136860.0
135750.0
134890.0
135150.0
135120.0
136140.0
135080.0
135710.0
135130.0
135470.0
135610.0
136620.0
135190.0
135350.0
135240.0
134760.0
136620.0
137800.0
135720.0
137030.0
136850.0
138510.0
136030.0
137020.0
136870.0
135720.0
135500.0
139980.0
148860.0
138640.0
136000.0
135230.0
135380.0
135130.0
135390.0
135320.0
135260.0
136800.0
135080.0
136530.0
136560.0
134980.0
135580.0
135910.0
135460.0
135480.0
136210.0
138100.0
134560.0
136510.0
136110.0
135450.0
137740.0
136670.0
136660.0
135150.0
135980.0
135330.0
136870.0
135040.0
