2170.0
2800.0000000000005
2660.0
2430.0
2320.0
1710.0000000000002
2020.0000000000002
2400.0
3320.0
2530.0
2540.0
2610.0
2610.0
2410.0
1860.0
1729.9999999999998
1810.0
1970.0
1990.0
2410.0
2230.0
1930.0
1780.0
1520.0
1550.0
1550.0
1570.0
1650.0
1540.0
1770.0
1880.0
1820.0
1780.0
1760.0
2540.0
3800.0
4830.0
5370.0
1560.0
1390.0000000000002
1449.9999999999998
1500.0
1490.0
1450.0
1770.0
1820.0
1950.0
1500.0
1470.0
1400.0
1429.9999999999998
1630.0
1409.9999999999998
1400.0
1500.0
1570.0
1460.0
1500.0
1480.0
1460.0
1409.9999999999998
1460.0
1409.9999999999998
1440.0
1540.0
1440.0
1390.0000000000002
1390.0000000000002
1510.0
1390.0000000000002
1480.0
1530.0
1900.0
1790.0
1860.0
1530.0
1450.0
1600.0
1409.9999999999998
1400.0000000000002
1409.9999999999998
1429.9999999999998
1429.9999999999998
1440.0
1470.0
1459.9999999999998
1420.0000000000002
1710.0000000000002
1650.0
1620.0
1610.0
1600.0
1920.0
1719.9999999999998
1729.9999999999998
1600.0
1480.0
1460.0
1560.0
1900.0
