10 0.000005
100 0.000024
500 0.000113
1000 0.000234
2000 0.000491
3000 0.000762
4000 0.001034
5000 0.001321
6000 0.000919
7000 0.001756
8000 0.001307
9000 0.001593
10000 0.001518
11000 0.002323
12000 0.001860
13000 0.002656
14000 0.003326
15000 0.002477
16000 0.002893
17000 0.003703
20000 0.002538
21000 0.003425
18000 0.004617
22000 0.003569
19000 0.003864
23000 0.003749
25000 0.004104
24000 0.005898
26000 0.004705
27000 0.007155
29000 0.004763
30000 0.004956
28000 0.005595
31000 0.005172
33000 0.005468
32000 0.008025
34000 0.005695
36000 0.006032
35000 0.008848
37000 0.009333
41000 0.007030
39000 0.006621
38000 0.009745
43000 0.007386
40000 0.010467
44000 0.007523
45000 0.007728
42000 0.008922
49000 0.009484
46000 0.012571
47000 0.012549
48000 0.013299
51000 0.008833
50000 0.013675
56000 0.009763
52000 0.012757
55000 0.009921
53000 0.013816
54000 0.015011
57000 0.015770
62000 0.010769
58000 0.015993
63000 0.016474
65000 0.011307
59000 0.016509
61000 0.016770
60000 0.016833
64000 0.016997
67000 0.018812
73000 0.016899
66000 0.018177
71000 0.018985
68000 0.019152
69000 0.016954
70000 0.019818
74000 0.013373
72000 0.013415
75000 0.020101
76000 0.021338
77000 0.021204
79000 0.021779
78000 0.022224
80000 0.014180
81000 0.014742
82000 0.020316
84000 0.019915
83000 0.017469
86000 0.017402
85000 0.024101
87000 0.022060
88000 0.020636
95000 0.017494
89000 0.025660
91000 0.022828
90000 0.025415
93000 0.026192
97000 0.017416
99000 0.015673
92000 0.026586
94000 0.027046
96000 0.017179
98000 0.017556
100000 0.019169
