10 0.000006
100 0.000042
500 0.000264
1000 0.000640
2000 0.000906
3000 0.002064
4000 0.002839
5000 0.002895
6000 0.004497
7000 0.005755
8000 0.004812
9000 0.004368
10000 0.005499
11000 0.005062
12000 0.006660
13000 0.007200
14000 0.006560
15000 0.008642
16000 0.007309
17000 0.007874
18000 0.008779
20000 0.009678
19000 0.009048
21000 0.013133
22000 0.012274
25000 0.011439
24000 0.014359
23000 0.013063
27000 0.013055
28000 0.015559
26000 0.015830
29000 0.012446
30000 0.014946
31000 0.017125
33000 0.018976
32000 0.019786
35000 0.015349
34000 0.016936
38000 0.019318
36000 0.019246
40000 0.017677
39000 0.019661
37000 0.018740
41000 0.020771
44000 0.022596
42000 0.028091
45000 0.023345
43000 0.027301
47000 0.028376
48000 0.025002
46000 0.030435
52000 0.027986
49000 0.027902
51000 0.027604
50000 0.031073
53000 0.034026
54000 0.035043
55000 0.031440
57000 0.038010
56000 0.037337
58000 0.033579
59000 0.037050
60000 0.039669
61000 0.042583
66000 0.039189
62000 0.041779
69000 0.039825
64000 0.042429
63000 0.044564
65000 0.043887
67000 0.043588
68000 0.042918
74000 0.041549
70000 0.050333
76000 0.045306
71000 0.050032
73000 0.041654
72000 0.050771
75000 0.051928
77000 0.053651
79000 0.048670
81000 0.046596
78000 0.052668
84000 0.046023
85000 0.048015
80000 0.055471
88000 0.048704
89000 0.049937
82000 0.058490
83000 0.057786
86000 0.052765
92000 0.044993
87000 0.057453
91000 0.064902
90000 0.062524
94000 0.059360
97000 0.054150
99000 0.046834
93000 0.059472
98000 0.054726
96000 0.053484
95000 0.066936
100000 0.048608
