2827400
5196856
950289
1349622
402635
4970367
3750272
881871
402523
1428897
1349856
2093586
5079141
2667832
1985272
1087080
2392453
2315533
2758455
2121662
775781
3295492
2032864
2618505
4172345
4061966
1935013
4506070
934964
5113439
2568153
1436781
2718413
1794419
1724773
1053039
5078644
2858550
4062412
4061464
3122159
2097461
4049516
1821443
2880575
1794632
3295434
1612603
2645078
3304316
1515388
4572805
2346492
2981784
3233368
1793753
2130118
2346803
2545182
946940
5177061
4065531
4300417
4466585
4074731
3942586
861675
4060238
3141135
405004
1359519
1794438
2609835
953149
4067545
1264989
3956090
3380808
2887456
1350313
666206
2346282
3909204
3933447
4007065
3297666
2979777
3574470
3240605
3948450
3001610
2650421
3948364
953517
1833832
1866964
4339208
1059383
1954595
1370829
4789146
1708703
5002831
3256973
1376461
4007077
2898094
1905344
1821230
4407731
1795032
2689820
953523
656322
1635011
3295669
2323567
953143
4644819
4049820
4060407
2324075
3307097
953499
4348713
3210344
3403290
3912262
1815967
1794574
4045445
1049861
4061913
5294363
1515457
953442
3942524
953582
3197090
4074686
1794817
3310564
4990774
2981479
5095212
967577
4076974
1821194
3370105
5078371
2346882
2990872
4060625
1350218
4153885
3806722
5083400
2485074
2999828
4062424
5274171
1376370
3304236
3942571
5090473
3002655
4067351
3309047
4906668
2323850
2979257
3997340
953672
5093283
955315
4074986
5009599
2346381
2985884
4046630
5109983
3295643
4078321
1821335
3389596
5078609
2350436
2992083
4061212
5194757
3298251
1834794
3909414
5085365
3000663
4062791
5285478
4469302
2272224
3944096
5091313
3003476
4067638
3309478
4906706
2323989
2980034
4015156
5093635
958372
3247301
4075602
1799844
2988188
4059938
5146138
3295804
4094120
5078774
2368374
2992738
5204744
1356023
3299017
3933969
5086251
2601132
3001172
4064095
3305354
2323523
3955973
5091778
3016111
4068074
1794400
3309756
4922057
2324036
3310111
4923305
408135
2324128
2980291
4029047
5094221
960429
3248038
4076107
1810204
3362755
5075908
411334
2346675
2988781
4060352
5166069
1350076
3297323
4150312
1821704
3618947
2464211
2997689
4062299
5211942
3300577
1955240
3942457
5086546
2608579
3001705
4065790
4695382
2323664
3983794
5092298
3066880
4071633
1794558
1794708
3310539
2335675
2980532
4029378
5094914
966761
4076459
1820976
3366678
5078221
2346824
2989577
4060491
5183466
1350138
3297579
4152560
1828455
5081858
2483932
2998727
4062386
5265199
3303548
3942556
5090110
2616392
3002502
3308678
2323776
3991479
5092586
953621
1794879
3310702
4994537
2346234
2982049
4045069
5095331
3295523
4077130
1821239
3377888
5078544
2348233
2991299
4060710
5192181
1350262
3297794
5083799
2501083
3000275
4062709
5276371
1393699
4439461
3942581
5090692
3002970
3309207
4906674
2323917
2979587
4003669
5092852
953736
2979816
4014956
5093368
956460
3244714
4075215
1795077
3310900
5020253
2346447
2986922
1821382
3430677
5078690
2367452
2992277
4061911
1354325
4172700
3915039
5085843
2558196
3000887
4063794
5286825
3304703
4528928
3950037
5091365
3003628
1794322
3309582
4914888
2324022
4923037
2980201
4028119
5093925
959749
3247824
4075926
1808399
3348516
5034510
2346573
2988443
5147982
3297177
4130952
1821565
5078875
2373320
2993973
4062189
5208308
1359290
3299713
3941471
2607737
3001382
4064713
3305717
4616650
2789067
3960399
5091970
3052065
4068732
4942498
2324173
2980369
4029142
5094583
960807
3250228
4076135
1820835
3363544
5076045
2346767
2989392
4060422
1350099
3297358
4151214
1823697
3696055
5080940
2475953
2998095
4062345
5240722
1359832
3302906
1990120
3942500
5088432
2613045
3001862
4066022
3308398
2323733
2833145
3989225
5092362
953552
3084197
4072466
1794587
4074643
1794813
3310557
4990768
2339456
2980822
4037258
5095132
967539
3295452
4076829
1821120
3369971
5078363
2346875
2990531
4060587
5185004
1350209
3297610
4153877
3785315
5083169
2999789
4062423
3304216
3942570
5090467
3002624
3309008
4906664
2323840
2942776
3996749
5092754
954074
3236868
4074964
1794989
3310767
5006638
2985073
4046276
5103244
3295642
4078276
1821318
3384164
5078604
2349635
2992047
4061034
5194614
1350282
4171516
1834149
5085063
2514823
3000577
4062748
5285259
3304515
3942592
5091144
3003419
4067628
3309415
4906691
2323971
2979644
4006993
5093231
2979952
4015073
5093592
957942
3247204
4075415
1797875
3311025
5022245
2346486
2988094
4059898
5144718
3295721
4093969
1821434
3512819
5078764
2368367
2992642
4061931
5203487
1355738
4173431
1906571
5086156
2600988
3001112
3305185
2323510
3955898
5091666
3004243
4068059
1794399
3309733
4920437
2324035
3310011
4923227
2324119
2980256
4029017
5094204
960403
4076106
1810002
3361518
5075748
2346634
2988707
4060333
5164738
3297322
4144013
1821681
5079016
2460110
2996213
4062248
1359380
3300128
3942425
5086511
2608331
3001658
4065741
1515541
3307297
2323655
2810845
5092281
3066494
4070188
1794506
1794685
3310512
2326127
2980400
4029235
5094725
3262352
4076209
1820958
3364290
5076886
2989545
4060457
5182670
1350130
3297534
3713010
5081460
2483900
2998525
4062378
5258777
3303433
4352092
2034200
3942552
2616304
3002492
4067142
3308592
2323775
3991329
5092549
953614
3114902
4074219
3217219
4074808
1794875
3310696
4994470
2345885
4044672
5095307
1005258
3295512
4077129
5078515
2346924
2991159
4060659
5190859
3297759
4157248
1833511
3874832
5083704
2485691
3000070
4062558
5274731
1380532
3304290
3942578
5090539
2655537
3002905
4067469
3309082
4906672
2323890
2979439
5092773
953697
2979814
4014845
5093353
955592
4075136
1795074
3310891
5016200
2346430
2986821
5128046
3295650
2358872
2992149
5195238
3298340
1844603
3914666
5085742
2557732
3000851
4063126
5286601
2716447
3003614
4067826
1794293
3309520
4906714
2324015
2324054
2980157
4022244
5093876
3247819
4075854
1805842
3322719
5022567
2346563
2988424
5147971
3296937
4100479
1821473
5078848
2368476
2993005
4062010
5208067
1358573
3299452
4246731
3938242
2607569
3001280
1501769
4586592
2323555
2778199
5091837
953375
3033094
4068258
1794430
3309822
4922400
3310172
4942492
408344
2980311
5094523
960503
3248101
4076124
1820648
5076019
2346697
2989296
1350091
3297354
1823553
2473508
2997944
4062343
5226113
1359668
3302245
3942498
5088234
3001830
4065839
3308219
2323706
3985269
5092334
953548
3078230
4072358
1794579
4074561
1794794
3310553
4980793
2337857
2980783
4033360
967328
4076726
1821094
3368194
5078342
2346842
2990160
4060508
5184641
4153091
1832464
3763582
5082621
2484653
5269670
4403000
3942565
5090255
3002588
4067286
1690274
3309005
4906662
2323805
2902503
3996716
5092719
953657
953768
4074917
3310732
2346274
2984453
4045889
5097108
3295639
4077542
1821309
5078595
2348748
2991609
4060729
5194021
1350276
3297851
4158867
1834019
3908951
5084827
670399
2513413
3000535
4062732
5279973
1405626
3304499
3942588
3003337
4067603
3309318
4906687
2323966
2979634
4006971
5093213
2979910
4015033
5093584
957922
3246050
4075348
1795803
3310933
5020891
2346470
2987820
4059875
5144143
1209162
3295691
4093858
1821416
3496908
5078738
2368117
2992607
4061918
5201428
1355158
3298817
4172887
3920147
5085994
2600922
3001089
3305063
2323481
2737041
3953737
5091640
953097
3003662
4068018
1794367
3309632
4919906
2324029
4923212
2980242
4028864
5094132
960360
3247989
4075974
1808825
3361278
5075726
2346614
2988643
4060274
5157706
1349839
3297319
4142368
1821639
5078930
2996038
4062238
5210057
1359323
3299833
1953466
3942418
5086276
2607942
2323597
2807847
3966913
5092254
3060064
4069412
1794482
3310494
4942596
2324231
2980382
4029226
5094673
4076175
1820925
3363727
5076589
2346789
2989496
4060443
1350124
3297532
4152221
1826451
3704974
5081191
2478638
2998498
4062358
1369896
3303086
3942549
2616238
3002431
3308543
4761155
2323747
2860365
3990516
5092515
953613
3110705
4073979
1794868
3310571
4994444
2345407
2981724
4042170
5095293
967620
3295509
4076981
1821229
3375417
5078447
2346921
2990951
4060651
5188220
1350233
3297727
4154485
1833301
5083472
2485108
2999873
4062435
5274637
3304256
4429281
2128156
3942576
5090527
3002668
4067358
3309070
4906670
2323878
2979323
3998255
5092761
953688
2979778
5093285
955499
3239639
4075005
1795042
3310835
5010079
2346425
2986270
3295648
1821363
5078636
2357677
2992094
4061227
5194797
1351982
3298296
4172249
5085677
3000833
4062888
5285667
4491808
2279744
5091349
3003602
4067809
1794278
3309513
4906710
2980071
4019244
3247802
4075822
1803003
3311905
5022497
2346529
2988422
4059959
3296322
4098587
1821467
3526213
5078791
2368431
2992780
5205538
3299069
4185381
1912042
3938010
2607400
3001271
4064358
1486665
3305356
2765451
3956000
5091812
4068163
3309781
4922273
2324053
3310146
4940106
2324142
2980300
4029061
5094367
3248096
3362912
5075933
2346693
2989048
4060367
5174013
1350084
3297346
4150477
1823080
3653009
5080535
2469441
2997704
4062327
3300627
1957416
3942475
5087084
2609772
3001742
4065792
3308187
4696527
5092302
953533
3067354
4072349
3121411
4074521
1794760
3310544
4979861
2980630
4029636
5094915
967242
3285134
4076654
1821014
3367143
5078243
2346830
2990153
4060494
5184479
3297591
4152567
1831458
5082497
2484179
2998774
4062396
5266350
1372369
3304166
3942558
5090130
758308
4067261
3308918
4906538
2323800
5092706
953630
3231096
4074837
3310717
4995340
2346246
2983370
5095355
3295585
4077138
1821272
3379570
5078551
2348255
2991456
4060717
5193824
1350268
3297799
4158574
1833947
3902426
5084064
3000421
4062721
5276389
1393763
3304486
3003251
4067595
3309247
4906683
2323955
2979632
4005850
953754
2979891
4015003
3246033
4075276
2346464
2986970
4059860
5132336
3295670
4092149
1821403
5078728
2367940
2992583
5200795
3298728
4172853
3920017
5085915
3001018
1458662
3305045
2321694
3950684
5091374
3003650
4067943
1794354
3309620
4919377
2324025
3309925
4923099
2324070
2980224
4028823
5093930
960285
3247985
4075960
3359370
411227
2346577
2988628
4060249
4132416
1821596
3533092
5078917
2995436
4062229
5209774
3299802
4270194
1936896
3942409
5086255
2607757
3001389
4065055
3306733
2323580
3966902
5092220
3058290
4069206
1794452
4942579
4029158
5094640
963401
3256311
4076144
1820907
5076139
2346775
2989420
4060424
5180525
1350108
3297488
4152108
1823831
3704148
5080978
2477554
2998383
4062349
1360857
3302972
5089662
2615480
3001997
1607129
3308418
2323740
3990247
5092414
3107885
4072540
