2818054
376599	
4648312
1880108
1276581
3154525
1278123
596452	
1283165
3743025
881044	
936727	
906170	
2705837
3268028
1325788
2067996
4025110
425176	
536719	
1592000
891507	
908910	
3204977
666590	
2031829
2206725
1700730
3888136
1155301
2342172
2932408
1591991
2044109
971037	
1363049
3800584
1824124
2624950
2624127
2596998
2869569
620221	
2148899
1966374
1241160
3012618
2979712
4573890
1700639
871380	
2358595
922972	
2055107
2240159
2755172
2209287
876649	
2705680
2609028
1829073
1239221
2102571
773474	
3266668
2020710
4183689
3040379
4541376
2558791
4028214
1933460
804026	
1339329
2113740
2068169
4024616
4469778
928605	
768388	
3308578
721963	
1821666
2325359
1419872
4445809
3532755
2763213
1723585
2179283
2231764
4702380
1093162
1697194
2372909
1023134
4028538
3011492
4385108
3269890