3770254
2431226
3057239
4139626
1427886
1923833
4126243
5195641
2452812
3059109
4142062
1437173
3355203
5155869
2137773
4127072
5261465
3060764
4153019
3358553
5166969
2424878
3358723
5169025
2425081
3046011
4134134
1020196
3348974
4981847
1903881
3362060
5174176
2428132
3052782
4137027
3350229
5068335
1916283
5181754
2443274
3058238
4140875
1428038
5154111
1927309
4126737
5199333
4144909
3356899
5158633
4127145
3060959
1867932
3360831
5170315
2425181
3046165
4135033
3349053
5022983
1913275
3363486
5174825
2428213
3053840
1271061
3350880
5069069
1916683
5186932
2446513
3058620
4141252
3352947
5154418
1927815
4126781
5204385
3059783
4146164
1437337
3357894
5161165
2201401
4127262
1016405
3070172
3197107
1903560
3361449
5172263
2425373
3048893
4136576
3349189
5053465
1915857
5175302
2428301
3054483
3351881
1918047
4069381
5190267
2449114
3058888
4141657
3353414
5154719
4126869
5209014
2625956
3060390
4151096
3358034
5164439
2364413
3045141
4128241
1016633
3045750
4132002
1016721
4616701
3361618
5173171
2427967
3050806
4136774
1022003
3349344
5065505
1915981
5175987
2428674
3056396
4139165
1427834
3352051
5120471
1918872
4078281
5194835
2450620
3059031
4141998
3353830
5155635
2137703
4127031
3060703
4152233
3358502
5166250
2424253
2425027
4133206
1018930
3348959
4769002
1903821
3362025
5173382
2428062
3052228
4136892
1022207
3349662
5067873
1916100
5180480
3057923
1427894
3352166
5152219
1926757
4126485
5196168
2460755
3059203
4142236
1437229
3356373
5156869
4127106
5276253
3060815
4153606
3358608
5167061
3358838
5169822
2425139
3046057
4134498
1020564
3348992
3362109
5174313
2428153
3053241
4137092
1212787
3350443
5068456
1916380
5182647
2446129
3058323
4141036
1428068
3352528
5154231
1927569
4126761
5202333
2485156
3059675
4145097
3357155
5159964
4127185
1016007
2984994
3066983
4172724
3131403
1903505
3361144
5171761
2425248
3046288
4135717
1021534
3349122
5041239
1915818
3369993
5174983
448846
2428278
3054023
4137734
3351593
5069586
5187716
2446946
3058655
4141432
1431282
3353197
5154556
1928042
4126827
5207328
2572285
3060247
4148234
3358025
5162696
4127273
1016545
1016684
3256802
4484020
1903659
3361477
5172567
2425655
4136615
3349280
5056431
1915901
3546673
5175329
3054562
4138308
1427754
3352007
5119312
1918477
4077746
5192391
2450528
3058991
4141857
1435941
3353750
5154815
4126975
5211543
2626205
3060573
1454929
3358168
5165769
3045459
4130380
3045908
4132146
1016742
3348948
3361932
5173324
2427976
3052070
4136802
3349363
5066978
1916044
3770203
5178890
2429898
3057035
4139625
1427869
3352087
5136729
2450984
3059098
4142022
1437156
3354551
5155830
4127064
3060752
4152866
2424840
3358715
5168803
2425070
3045999
4133906
3348973
4956321
1903872
3362045
5174142
2428116
3052424
4136968
3350059
5068286
1916281
5181318
2442226
3058226
4140770
1427974
3352204
4126698
5199306
2484710
3059494
4144852
1437240
3356871
5158369
2149494
5478929
2881556
3060902
4154364
