2818054
376599
5183692
1880108
1276581
3154525
1278123
596452
1283165
4952402
3743025
881044
936727
906170
2705837
3268028
4025110
1325788
2067996
425176
2206725
536719
1592000
891507
908910
666590
2031829
1700730
3204977
1155301
2342172
3888136
2932408
1591991
2044109
971037
1363049
3800584
1824124
2624950
2596998
2869569
620221
2624127
2609028
1966374
2148899
1241160
4573890
3012618
1700639
871380
922972
2979712
2358595
2705680
2055107
2240159
2755172
2209287
876649
1829073
2102571
1239221
4024616
773474
3266668
2020710
2558791
3040379
4183689
4541376
4028214
1933460
4370295
804026
4702380
1339329
2113740
4469778
2068169
928605
768388
3308578
721963
1821666
2325359
1419872
4445809
3532755
2763213
1723585
4028538
2179283
2231764
1093162
1697194
1023134
2372909
3011492
3269890
4385108
1962725
557327
2141120
3418060
5042062
4028500
2104277
2200422
2953397
3097378
2296001
2086721
1376857
1384586
666391
4382069
1082685
3500000
882140
2866882
1455147
883256
2360767
1588725
2086936
1593997
2052026
2993793
2096635
836959
3266646
1594326
2818718
2065145
3270075
1958233
868723
2411611
2630236
3827785
4996313
4945489
2612767
1496692
2623897
3350237
3270032
3674481
2407582
1590752
1513401
1959059
1215726
3398315
2086995
2622236
1204562
2015791
1115681
2299052
2932635
2253115
3399784
775568
2932851
2071431
2550943
3223377
1158319
2097328
1723688
2213036
2032216
2105995
1489608
1872940
2714124
2913461
1519375
3893685
2471660
4139550
2466793
2737906
2253447
3009988
2847653
911771
5043149
2596910
1586179
3940338
2199496
2732862
1282894
2677459
2087052
5057967
1870767
2458927
3270051
1701306
376604
4251276
1253478
4028624
2989605
1270434
3247040
2627993
2624859
4202856
3733062
1055748
2152573
1153677
1094726
2746616
4370092
2633074
3246559
2764922
1672919
2061594
3046322
4062627
2793463
2886660
2625082
810352
2446595
3269469
1210513
3569873
3800792
4039364
1513869
3229233
2586249
2076643
376812
1283136
1723712
2948528
5225002
3246640
2655787
1334049
2634094
1715112
1891743
2358616
909832
4025181
2630296
5262501
3910950
2087127
3806248
2712230
1243203
2581136
3497420
3118652
1242493
2444817
1480662
4148802
2808359
3269463
2252829
2566923
3246624
1733106
1929052
1732813
663555
3919311
621482
3246487
2267726
1708586
3882366
2624577
1523792
2087497
2077077
1552033
1513764
1282978
2813634
3321200
1267527
4925605
3614917
3417045
1696410
3246684
2256026
3906083
3528853
3269949
1675849
4190490
2800730
4094224
3246744
2255614
2633242
2723814
621421
3778379
2087172
5040429
2302574
3246481
1649584
2633753
2086797
3229280
3915638
3529511
4338441
2087178
2932404
2650869
2809453
2024674
2624817
3246531
1350869
4755850
3246709
3520238
2806083
1468481
2087010
1283334
1723781
910069
4614468
2829320
3248211
3061093
1733002
1716428
4857129
2094516
3071599
539645
2087421
5054327
2813674
2087082
2685311
4722313
1732322
2551319
5002766
2758695
1343223
2793432
2087366
3246700
963088
2624825
1732780
1684247
3501850
2298025
4093947
1231819
1932825
3162995
2515868
1732447
2037081
2600298
3246605
3196827
3396145
3266760
4271242
4296062
1236069
3430647
2087061
2632654
1513761
3512187
1282893
4276177
2235021
2624132
1529526
2624594
3246354
5044849
2933004
5252732
2518066
3909104
4647153
4028973
1027907
2629400
4158550
4286588
2624355
3246821
2624758
5233340
1344245
1723634
2627685
2655644
3246702
2064241
2255389
4028055
2550284
3246313
620924
855589
2624853
2187494
2625506
2087312
2998924
2799736
3855251
2660581
2624315
1734214
2088141
4726615
3372417
1271499
3270150
2255110
3600047
2626530
2624540
909755
909801
1943973
376624
2625095
2087258
2086949
2628033
1629343
3893769
1723730
3106441
2624186
3221632
909674
2087022
2624612
909771
2633102
3246928
916880
3951352
4725770
5252905
1723962
2255917
2936594
3283577
4035106
3704886
1141292
2252894
3269635
4024696
4863168
377279
1732276
3367304
4039117
5042103
866788
2076717
2624873
3226833
5058817
2253424
3270134
4025370
4872573
1732834
2946620
3478342
909825
2639198
3885423
5133042
1283128
2254849
3272610
4025895
4884389
2497299
3508073
4143412
910146
3248751
3903988
4627622
5180177
1283770
2255507
2933007
3276980
4028573
4921103
2583367
3063370
3598692
5048297
3267364
2793059
3267458
3975634
4750594
1724024
2256850
2939303
4035817
5039439
2606433
3752769
4360058
5057010
2253060
2857139
4025021
1732361
2292838
2943875
4040565
5042186
2626162
3232368
4446253
5061084
1282831
2253516
2931904
3270244
4025436
1732955
2947038
5042791
909864
3892782
5149483
1283188
2255260
2932609
4026131
4886667
3006761
4150600
5045613
910204
3909594
5185506
2255564
2933100
3277526
4029222
4947497
3100197
5049166
2597263
3653434
5050068
3991466
4784556
5293115
1724069
2276432
2940819
3320728
4036236
5039949
755101
2064019
3774186
5057857
2253181
2878769
3269762
4025129
4868667
1732461
2944428
4041575
5042308
3235030
4473361
5063844
1282920
2253558
2932169
4025599
1733043
2947841
3497440
4095405
5043278
2087603
2671415
3895226
4594194
2255372
2932761
3274553
4027125
4892790
3021068
3523207
4160915
5045888
910414
2731762
3266941
3920815
4658613
5192208
1723771
2255617
2933309
3277859
4030453
4963286
621506
5007225
2597563
3122556
3668267
5053297
1083649
3269462
4809358
1732128
2292642
2942397
3345058
4037896
5040962
2065479
2624508
3224452
3797636
4394101
5058381
2253291
3269849
4025227
4871896
1732623
2310018
2944718
4047903
5042491
909752
3239765
3882807
5098611
1282987
2253651
2932285
3270852
4883800
1735584
2955246
4123658
5043760
910042
2088775
2685047
3246855
3895494
5171540
1283518
2255430
2932837
3275519
4028341
4898650
1723528
1902386
2552418
3046462
3537088
5047084
915262
2156077
3267126
3941066
4683078
5216453
1723814
2255725
2933623
4032687
1723906
2255853
2934588
3282429
4034851
2597842
3149604
3687238
5055042
3269596
1732258
2292743
2942788
3362112
2074227
3226763
5058705
2253405
4025332
4872302
1573383
1732772
2946045
3446110
4052429
5042618
909784
2087133
3883576
1283081
2253705
2932336
3271854
4025844
4884224
2483013
4139737
5044537
910081
2094699
2695000
3247054
3896840
4621543
1283632
2255489
2932941
3276926
4028505
4903458
1942023
3058910
3567517
5048011
2177132
2759045
3267231
3963191
2765501
3267422
3974193
1723989
2938571
3284426
4035608
2604277
3184773
4342257
2252966
3269648
4024833
4865531
1732305
2943562
4039832
5042167
2253459
2931616
3270182
4025401
1732907
2946755
3482350
4067169
909841
2087222
2641590
3890933
5146068
1283142
2932460
3272721
4026062
4884854
4148134
5045378
910165
1283836
1723640
2255548
2933058
3277207
4028661
3078140
5048779
3267573
3976808
2271836
4036000
5039508
5057497
2253142
2868632
4025055
4866902
1732388
2944194
4040801
5042254
3234014
4464375
5061960
2253540
2932052
3270336
4025517
4876854
1732988
2947225
3497354
4093666
5042951
909925
4570871
5154052
2255324
2932696
3274390
4026189
4889239
1844378
2525261
3012451
4151258
5045831
910348
2724670
3266878
3912226
4657357
5185623
2255590
2933193
3277640
3102571
5049529
2597458
3112835
1059742
3268942
4006424
4796753
5293830
1724118
2288744
3333872
4037720
2064455
3220328
3783901
5058058
2253263
2878930
3269785
4025174
4870404
1732492
2944626
4044251
5042345
909600
2631276
3236304
5079241
1282958
2253584
2932255
3270674
4025671
4880726
2446657
2951629
3497490
4102102
5043425
909986
2675378
4594658
2255392
2932789
3274914
4895872
1723483
1888016
2550415
4169104
5046134
910453
2144806
3267031
3931322
4673197
5194736
2255682
2933553
3278164
4030740
4988896
1723851
2255816
2934108
3281771
4033327
5010520
2018364
2597616
3674524
5054645
2248369
3269493
4815571
1732171
2942631
3352804
4038308
5041463
3226720
5058498
2253332
2894048
4025253
4872013
381976
1556944
1732729
2945523
4050094
5042586
909768
3882907
4528544
5114500
1283041
2932299
3270947
4884096
1744014
2957494
3497572
4135653
5044000
3246911
3895568
5173023
1283546
2932886
3276072
4028443
4900325
1723562
3051228
5047380
916586
2168632
3267187
1723950
2255909
2935792
3283246
4035056
2599100
3160298
3702946
4328698
5055938
2252891
3269627
4024659
4862967
1732274
2292759
2942987
3365698
5042094
3226828
3809787
4434016
5058790
2253415
2929328
3270108
4872491
2946614
3456561
4061984
909810
2635573
3884681
4540825
5125943
1283104
2253826
2932362
3272583
4025880
4884374
1811357
3502191
4142839
910126
2699489
3901937
5179476
2255502
4917451
1951891
2582672
3595903
4220584
2187688
3267282
4725607
3267448
3975550
4748459
376841
1724019
2256076
2938776
3293323
4035743
5039433
2605491
3747860
5056777
2253041
2849365
3269668
4025005
4865877
2292829
2943780
4040546
5042184
2625602
3231401
5060295
1282776
2253510
2931828
3270231
4025433
1732934
2946984
3489585
5042785
909857
2087319
2644971
3246679
3891275
4553223
2255256
2932513
3273182
4026121
4886021
3000106
3513928
4149601
5045496
910198
3266727
5185468
1283865
1723672
2933094
3277497
1964472
3097588
3613858
5049120
1986645
2597072
5049892
3267962
3987978
1447572
1724062
3319614
4036183
5039811
3209002
4381096
5057757
2253165
2878766
3269746
4025124
2944298
3405631
4041354
5042305
2086964
3234348
5062880
2253555
2932151
3270421
4025586
4877801
2947613
3497433
5043273
2661477
3895194
4589904
1283242
2255355
3274502
4890268
3015611
3520418
5045859
2730309
3266923
4657909
5186877
1297882
1723762
2933299
3277688
4959057
2013512
2597561
3121709
3663929
5053135
2809202
3269451
4011840
4806343
1732105
2942222
4037869
5040697
3792088
4393739
2253280
2881538
4025213
4871004
1732610
2305175
4046264
5042479
2632474
3236344
3882800
5089092
1282983
2253638
2932274
3270821
4025696
1734673
4122115
5043529
910023
2088637
2678872
3895416
5170151
1283481
2932827
4028313
4898571
1723515
3046422
3532949
4178019
5046285
914077
2153301
2746196
3267108
4681766
5209564
1723809
2255716
2933619
4032082
5003727
1723905
2255846
2934562
3282413
4034819
5014504
2597808
3143627
3685550
4316125
5054915
2252823
2818580
3269592
4024544
1492815
1732248
2942752
3360232
4038375
5042056
2072070
3226762
3804163
4422104
5058652
2253401
4025283
4872114
1732771
2945920
3444895
4052168
5042617
3883549
5119260
1283077
2253698
2932318
4025840
4884193
1766367
2958248
3497582
5044110
910075
3896245
4621523
2255488
2932921
3276577
4901240
3058252
3554194
5047852
2176497
2758795
3267227
4698621
3267418
3973798
5259066
1723977
2256003
2938169
3284374
5022651
3179658
4340777
5056239
2252923
2838775
3269646
4024795
4864864
1732288
2943285
3375103
5042135
2082837
2625008
3228955
5059022
2253456
2931484
3270157
4025399
4874031
1732859
2359602
2946722
3481594
4067107
5042659
3246622
4543135
5145697
2255201
2932450
3272691
4026036
4884776
2511397
3512140
4144674
5045362
2100535
3905917
4637281
1283815
2255528
3601636
4224434
5048774
926375
3267480
3976194
4754367
5274772
1724029
2939481
4035957
5039474
2607410
3201918
3754900
4367028
5057431
1212239
2867747
4025053
4866468
1732383
2292898
2944059
4040777
5042249
3233923
5061823
1282859
2253529
2932033
3270323
4025482
4876703
1732977
2947217
3497322
5042860
909892
3893366
5152429
1283198
2255306
2932690
3274366
4026151
4889059
3520225
5045746
2108189
4656477
5185545
1284044
2255567
2933142
3277561
4029583
2593685
3101105
3618199
4258370
5049388
2002321
2597388
3112567
5050482
2805974
3268415
3998957
1724103
2286914
2941498
4037402
5039991
2253242
2878927
3269777
4025154
4870385
1732474
2302186
2944552
4044009
5042325
909521
2086998
3235993
4474588
5078220
2253574
2932197
3270480
4025669
4880095
1733090
2949713
5043411
909976
3895370
4594235
5165494
1283320
2932784
3274898
4894173
1723473
3527703
5045909
910440
3267009
5194456
1723779
2255662
2933540
3278162
4030669
1723825
2255787
3281313
4033199
5009318
2016550
2597593
3130847
4814615
1484187
2292703
2942609
4038287
5041114
3226715
4399719
5058455
2253307
2893889
4025248
4872004
1732708
2945233
4049339
5042506
909758
2632699
3882891
5111255
1282999
2253656
2932294
3270904
4884074
1744013
2956084
3497564
4131558
5043994
910054
2089470
3895510
2255438
3275799
4028441
4899638
1723536
1919939
3048999
3541176
5047368
916441
2167804
3267149
3943431
4686505
5219930
1723923
2255878
2935788
3283015
4034901
5021621
2598970
3158684
3697810
5055749
2252880
3269617
4024651
1732272
2292758
2942982
3364516
4038434
5042084
2076296
3226812
4429698
5058789
2253413
2927134
4025364
4872351
2946601
5042657
909808
3883941
4538517
5125919
1283101
2253737
2932357
3272449
4025875
4884348
2972147
3501859
4142550
5044598
2095870
2699389
3247979
3898072
5179466
1283703
2255500
2932985
3276956
4028532
4912961
3059880
3593299
4212304
5048047
917495
3267274
3968585
5251726
2203592
3267434
1724003
2256060
2938746
3287203
4035647
5028888
2044631
2605487
3196312
3747607
4350368
5056651
1206576
2253015
2848999
3269659
4024957
1513768
2292810
2943666
3386868
4040499
5042180
3231126
4444804
5060181
2253506
2931822
3270214
4025432
4876305
1732918
2946863
4067716
5042736
909849
2643428
3891076
4550823
5147863
2255223
2932479
3272870
4026087
4149316
5045435
910192
3266709
3908656
4643776
5184794
1283851
1723662
2255560
2933091
3277491
4028849
4942912
1962912
2590874
3608842
5049083
2597001
3108819
3642708
4261355
5049789
3267906
3981622
1724056
2940072
4036122
5039808
3207617
3765261
5057718
2253159
2871042
3269699
1732445
2298337
2944253
4041167
5042262
3234333
5062737
1282916
2253551
2932076
3270382
4877208
1732998
2947441
4094043
909943
3246729
3894887
5158125
1283241
3274413
4026395
4890263
3520411
4158313
5045857
910403
2116084
2726587
3266921
4657653
5186574
1723737
2255608
2933269
3277652
4029944
2010879
2597550
4285306
5052786
2237221
4011837
2291828
2942208
3339768
4037756
2064527
3221941
3790068
4392665
5058095
2253273
2879033
3269798
4025186
4870789
1732584
2944716
3427788
4044421
5042475
2631827
3236343
3882779
5088627
2253635
2932260
3270771
4025687
4882496
2450773
2952979
4116549
5043511
910019
2678858
3246783
3895377
4595644
1283459
2255416
2932822
3275323
4028302
4898568
1723504
3046334
4172470
5046248
3267097
3935529
4681622
5203563
2255705
2933613
1723901
2255843
2934473
3282047
4034783
5013652
2597776
3137344
5054762
2252401
3269573
4019377
1732180
2942727
4038360
5042011
2624735
3226732
4420843
5058639
2253384
3270027
4025279
1569427
1732746
2335387
2945892
4051495
5042610
909772
2087106
3883036
1283045
2253696
2932317
3271146
4025810
4884189
1752428
2481715
2957790
3497579
4139039
5044049
910073
2691653
3895664
5175202
1283584
2255479
2932912
3276208
4028467
4900877
3552339
4195272
5047816
3267225
4689908
5228121
2763396
3267375
3973404
1371259
1723968
2255989
2937317
3283829
5022493
2600342
4340465
5056032
2252915
3269644
4024749
4863555
377317
1732277
2943213
4039141
5042122
3226994
3815977
5058964
4025382
4874024
1588291
1732856
2946628
4066998
2087195
2640515
3885495
4541928
5140058
1283131
4025999
2500229
4143965
5045348
910163
3250175
4637271
5180308
1283801
2255520
2933019
3277012
4028605
4925245
3067187
4222961
5048679
3267469
3976191
4750841
1724028
2259584
2939360
4035834
5039458
2606949
3198764
3754753
5057035
2253065
3269672
4025034
4866454
1732369
2943917
3396490
4040644
5042247
3232734
3844305
4449689
5061100
1282845
2253527
2931979
3270297
4025465
1732971
2391745
2947092
3497038
5042859
909889
2654087
3893242
5151701
1283193
2255284
3274364
4026133
4887189
1832541
3519417
5045695
910274
2719215
3266776
5185536
1284041
1723694
2255566
2933103
4029556
4948288
3100199
5049206
1999932
2597379
3112294
4272242
5050392
2805919
3268235
4791050
1455912
2279386
2940919
4036779
5039953
3210836
3774673
5057938
2253203
2878832
3269774
4025140
4870329
1523987
1732466
2944500
4041633
5042318
3235038
4473512
5064635
1282944
2253561
2932194
3270468
4025664
4880011
3497469
5043336
909970
2087650
3895358
4594206
2255376
2932763
3274741
4027823
4893311
2549943
3526731
4166190
5045908
910426
3266995
4662925
5193907
1723778
2255623
2933449
3277921
4030546
3280955
4032918
5007623
2597574
3124030
4297359
5053972
4013374
4810059
1732153
2292689
2942601
4038283
2066192
3226713
5058396
2253295
2892045
3269876
4025242
4871997
1732678
2314505
2944723
4048973
5042505
3882873
4527661
5101932
2253654
2932287
3270878
4025762
4884072
1672860
2459307
2955250
3497494
4124712
5043985
910043
2088776
3895509
5172256
1283527
2255433
2932840
3275570
4028368
4898855
1723532
1919885
2552967
3048585
3537961
4184344
5047340
916415
2747741
3267139
3941740
4683134
1723817
2255755
2933630
1723916
2255870
2935607
3282589
4034892
5021521
2598325
3694602
4317651
5055354
2252855
3269599
4024621
1732270
2292752
2942929
3363753
4038388
5042065
2075889
3226798
3806900
5058738
2253409
4025347
4872337
1574282
2343678
3456202
4054601
5042619
3246535
3883868
1283100
2253711
2932348
3272447
4025853
4884323
2488201
5044558
910084
5179001
1283666
2255493
2932962
3276943
4028519
4909741
1723611
3058999
5048040
3267254
3967049
3267430
3974209
5262728
1378303
1723999
2256034
2938741
3284512
4035624
5028770
3747251
4348268
5056602
2253006
3269652
4024876
4865641
377480
1732317
2292805
2943594
4039973
5042169
3827654
5060009
2253467
2931726
3270210
4025404
4875761
1732909
2946849
4067440
5042689
909847
3890945
4549434
1283150
2255211
2932477
3272823
4026070
4884876
2513390
2998837
5045410
910166
2706898
3266699
3907081
4643528
5183797
1283845
1723650
2255553
2933089
3277383
4028730
4928049
2590642
3607027
5048812
5049562
2215413
3267887
3977021
4763657
5283310
1724051
2939906
4036082
5039580
2060909
3757623
5057574
3269693
4025067
4867838
2944209
4040847
5042260
3234022
5062176
2253541
2932059
3270381
4025526
4876986
1732989
2947439
3497380
5043009
909936
3246728
4572066
5156832
2255332
3274397
4026357
4889648
2530139
3520370
4151279
910353
2726221
3266902
4657599
5185802
1292214
2255601
2933199
3277648
4954624
2010857
2597532
3660703
5050708
2808276
3269437
4008304
4801042
2289371
2941747
4037745
2064505
5058083
2253269
2878959
3269797
4870414
1732571
2302227
2944693
5042435
3236336
3882765
4516255
5086203
2253595
2932256
3270738
4025673
4882288
1733272
2951681
3497493
4115915
5043446
2088126
3246768
3895376
4595287
1283430
2255406
2932792
3275127
4028295
4898413
1723502
4171365
5046218
910497
2737169
3267096
4676793
5199437
1325786
1723795
2255704
2933580
4030802
1723862
2934152
3281947
5010526
2597711
5054755
2251170
2816402
3269542
4017891
1732172
2292727
2942648
3353556
4038358
5041781
2068416
3226721
5058630
2253357
3269978
4025278
4872035
1732731
2945722
4050941
5042605
3882946
5116435
1283042
2253685
2932308
3271138
4884108
1677492
2476959
2957602
3497575
4135794
5044009
910072
2092133
3895653
4616604
5174098
2255455
2932889
3276161
4028452
4900451
1723577
2560817
3052114
4193496
5047779
3267188
