10	1.0
100	1.0
1000	2.0
10000	5.0
20000	10.0
30000	14.0
40000	19.0
50000	24.0
60000	30.0
70000	51.0
80000	38.0
90000	57.0
100000	45.0
110000	50.0
120000	57.0
130000	61.0
140000	65.0
150000	77.0
160000	81.0
170000	83.0
180000	91.0
190000	91.0
200000	95.0
210000	102.0
220000	105.0
230000	134.0
240000	123.0
250000	134.0
260000	127.0
270000	130.0
280000	147.0
290000	162.0
300000	152.0
310000	165.0
320000	178.0
330000	192.0
340000	218.0
350000	211.0
360000	206.0
370000	219.0
380000	200.0
390000	216.0
400000	198.0
410000	208.0
420000	211.0
430000	217.0
440000	222.0
450000	244.0
460000	235.0
470000	237.0
480000	244.0
490000	269.0
500000	255.0
510000	282.0
520000	293.0
530000	299.0
540000	307.0
550000	314.0
560000	316.0
570000	299.0
580000	328.0
590000	300.0
600000	307.0
610000	342.0
620000	317.0
630000	358.0
640000	332.0
650000	394.0
660000	338.0
670000	380.0
680000	348.0
690000	358.0
700000	395.0
710000	366.0
720000	374.0
730000	398.0
740000	440.0
750000	444.0
760000	445.0
770000	472.0
780000	412.0
790000	464.0
800000	416.0
810000	505.0
820000	515.0
830000	487.0
840000	446.0
850000	450.0
860000	453.0
870000	471.0
880000	522.0
890000	485.0
900000	483.0
910000	538.0
920000	508.0
930000	556.0
940000	559.0
950000	513.0
960000	567.0
970000	519.0
980000	589.0
990000	536.0
1000000	545.0
