10	1.0
100	2.0
1000	2.0
10000	7.0
20000	11.0
30000	16.0
40000	19.0
50000	24.0
60000	29.0
70000	32.0
80000	38.0
90000	42.0
100000	46.0
110000	51.0
120000	56.0
130000	60.0
140000	66.0
150000	71.0
160000	78.0
170000	85.0
180000	88.0
190000	91.0
200000	100.0
210000	126.0
220000	114.0
230000	111.0
240000	118.0
250000	122.0
260000	128.0
270000	137.0
280000	155.0
290000	198.0
300000	172.0
310000	158.0
320000	163.0
330000	167.0
340000	168.0
350000	230.0
360000	225.0
370000	238.0
380000	230.0
390000	204.0
400000	205.0
410000	211.0
420000	211.0
430000	215.0
440000	226.0
450000	246.0
460000	232.0
470000	238.0
480000	244.0
490000	245.0
500000	254.0
510000	260.0
520000	262.0
530000	270.0
540000	271.0
550000	295.0
560000	286.0
570000	289.0
580000	290.0
590000	300.0
600000	306.0
610000	310.0
620000	315.0
630000	322.0
640000	323.0
650000	332.0
660000	344.0
670000	340.0
680000	348.0
690000	353.0
700000	358.0
710000	367.0
720000	373.0
730000	376.0
740000	377.0
750000	388.0
760000	392.0
770000	395.0
780000	411.0
790000	409.0
800000	412.0
810000	417.0
820000	427.0
830000	428.0
840000	433.0
850000	485.0
860000	539.0
870000	482.0
880000	454.0
890000	463.0
900000	463.0
910000	510.0
920000	524.0
930000	507.0
940000	512.0
950000	519.0
960000	575.0
970000	512.0
980000	534.0
990000	558.0
1000000	529.0
