10	1.0
100	1.0
1000	2.0
10000	6.0
20000	13.0
30000	14.0
40000	21.0
50000	24.0
60000	28.0
70000	33.0
80000	37.0
90000	41.0
100000	46.0
110000	54.0
120000	56.0
130000	61.0
140000	68.0
150000	70.0
160000	76.0
170000	80.0
180000	87.0
190000	91.0
200000	98.0
210000	102.0
220000	107.0
230000	110.0
240000	116.0
250000	120.0
260000	126.0
270000	138.0
280000	136.0
290000	142.0
300000	150.0
310000	158.0
320000	157.0
330000	162.0
340000	167.0
350000	173.0
360000	178.0
370000	199.0
380000	190.0
390000	193.0
400000	198.0
410000	210.0
420000	208.0
430000	214.0
440000	227.0
450000	225.0
460000	229.0
470000	236.0
480000	240.0
490000	247.0
500000	251.0
510000	259.0
520000	262.0
530000	266.0
540000	271.0
550000	276.0
560000	287.0
570000	288.0
580000	292.0
590000	298.0
600000	304.0
610000	314.0
620000	314.0
630000	319.0
640000	325.0
650000	329.0
660000	349.0
670000	343.0
680000	345.0
690000	351.0
700000	362.0
710000	361.0
720000	369.0
730000	371.0
740000	377.0
750000	385.0
760000	388.0
770000	391.0
780000	407.0
790000	403.0
800000	409.0
810000	413.0
820000	430.0
830000	426.0
840000	431.0
850000	434.0
860000	444.0
870000	451.0
880000	453.0
890000	459.0
900000	463.0
910000	470.0
920000	475.0
930000	478.0
940000	483.0
950000	491.0
960000	504.0
970000	499.0
980000	522.0
990000	531.0
1000000	537.0
