0.96142313
0.84650285
0.69034591
0.83603462
1.1800736
0.41367491
0.44665566
0.99984348
1.0636095
0.66721319
0.65773941
0.25851897
0.24793009
0.36829817
0.78816116
0.73449433
0.31014015
0.80170608
0.64223485
0.86344079
1.2027269
0.23263724
0.39811597
0.17268823
0.46883733
0.90823283
0.94981631
0.69849477
1.1020988
0.82763795
0.73353515
0.68366423
0.26897065
0.86010865
1.0882331
0.9027033
0.46712543
1.0556385
0.40813158
0.76296287
0.41606197
0.8254982
0.66201307
0.60107371
0.47826238
0.81823195
0.48900217
0.16790447
0.9893032
0.39275252
0.84814514
0.95383713
0.29941667
0.22984536
0.99959864
0.44440254
0.37759544
0.23493443
0.99984782
0.96021978
0.16848222
0.18293161
0.9999399
0.86726393
0.16075143
0.67686847
0.2533669
0.88677074
0.60592665
0.58994476
0.99959864
0.77201243
0.40005594
0.99959864
0.39586166
0.0040992211
0.57371202
0.83757391
0.54696622
1.0035874
0.57424322
0.32719472
0.50023362
0.22387342
0.87767129
0.47037362
0.99959864
0.017959435
0.23803858
0.52367761
0.86807843
1.1989543
0.30279876
0.6170348
0.53201015
0.99291236
0.99959864
0.71410151
0.9740044
0.59015338
-0.18997846
-1.1264096
-0.31305966
-0.97404778
-0.84054231
-0.91745148
-1.0316502
-0.17308386
-0.93115539
-1.1755421
-0.68566094
-1.0206078
0.1391562
-0.57440414
-0.35949645
-0.99956282
-1.0792521
-0.99998655
-1.0747734
-0.62162742
-0.93282543
-0.47602466
-0.26359797
-1.1189182
-0.73947137
-1.0004642
-0.26768923
-0.81587421
-0.71050055
-0.9996306
-1.1264096
-0.8449682
-1.0123334
-1.0454516
-0.79874335
-0.93117899
-0.59044838
-0.99966656
-0.25996681
-1.0008137
-0.35131677
-1.0454017
-0.46974224
-0.60499609
-0.34335507
-1.0434194
-0.62934503
-0.27724396
-0.31270825
-0.83458966
-0.66417031
-0.78667646
-0.99966095
-0.97737174
-1.1264096
-0.51380937
-0.64158661
-1.0119783
0.15948023
-1.1264096
-0.40204695
-0.38080492
-1.1264096
-0.99989326
-0.41787243
-0.20499939
-0.2107891
-0.99988322
-1.1264096
-1.0316502
-0.85959451
-0.63326899
-0.56374228
-0.62305749
-0.56646436
-0.92826449
-0.044318636
-0.77859599
-0.1209631
-1.1264096
-1.0827182
-0.37618573
-0.30683139
-0.55372295
-1.1223651
-1.2455448
-0.47503992
-1.0321464
-0.65394741
-0.072602172
-0.75868505
-0.70896766
-0.88730339
-1.055802
-0.2905975
-0.31308701
-0.99991811
-1.2619594
-0.58176309
-0.31871341
