[[103   4   8   2   9   4]
 [ 10  85   4   1   7   3]
 [ 17   7 120   0  11   8]
 [ 10   5   3 132   5   1]
 [  7   3   2   2  84  39]
 [  4   6   0   0   7 127]]
              precision    recall  f1-score   support

           0       0.68      0.79      0.73       130
           1       0.77      0.77      0.77       110
           2       0.88      0.74      0.80       163
           3       0.96      0.85      0.90       156
           4       0.68      0.61      0.65       137
           5       0.70      0.88      0.78       144

    accuracy                           0.78       840
   macro avg       0.78      0.77      0.77       840
weighted avg       0.79      0.78      0.78       840
