[[106   7   7   0   7   3]
 [  7  94   2   0   2   5]
 [  9  10 116   0  18  10]
 [  4   4   0 138   7   3]
 [  4   3   2   1 116  11]
 [  3   0   0   0  17 124]]
              precision    recall  f1-score   support

           0       0.80      0.82      0.81       130
           1       0.80      0.85      0.82       110
           2       0.91      0.71      0.80       163
           3       0.99      0.88      0.94       156
           4       0.69      0.85      0.76       137
           5       0.79      0.86      0.83       144

    accuracy                           0.83       840
   macro avg       0.83      0.83      0.83       840
weighted avg       0.84      0.83      0.83       840
