2472140
3294723
2727567
2106249
3245120
2245442
1188916
2827661
1617316
2243990
2906510
3932688
2805181
3567443
3989015
1636853
3966642
3985310
2569519
3948497
2194939
2159080
2558010
3373673
3324342
3622708
4001825
3881180
962513
2178818
1564672
3056588
1885907
2607758
4019763
1455049
1676709
2256202
3757659
2669622
2632153
4460940
4047466
4019107
2532625
2834379
1596020
3926549
1979355
3700453
4354530
4224950
3789488
4467927
4210664
3304409
2805066
4532806
4546502
2234661
4398166
2998424
3955137
2804690
4346166
2004474
2468773
2465637
2220906
2103869
3093869
4060082
3987025
1515483
4212707
2834118
4038966
1657791
3987974
3685977
3826454
3448356
2193248
1624961
3954948
3172758
4589816
4568963
2409770
2491971
3889018
1717402
3564861
4466761
1461674
2898816
4289120
4529644
2897627
4527131
4337600
4295503
3937068
3948341
4596680
3961395
3961390
3948844
4082369
3909929
3961415
3961103
4273970
4211565
2438448
4216341
1927679
3785129
3007719
3116881
3961572
3947975
2898817
2884163
2361168
3954984
4062652
3636948
4304088
2890065
2898712
3960769
2884085
4494970
2890029
3960048
3748147
2885898
2877007
3961664
3605677
4000878
3763087
2905648
4101317
3003025
4616063
3926640
3047327
4540026
2360491
4166977
3961451
2896440
3422849
4420703
2688085
4600533
3148837
3412255
3220421
4228910
3355205
4149798
2607175
4446407
4197802
3184610
4224668
4375937
4482124
3571400
4497143
3812397
3090643
3327131
3366072
4167644
2337996
3660916
3837792
4453752
3409960
3870608
3189144
4227669
3757908
4393901
4485115
2952486
4075012
2179136
3587006
4250782
4513947
3973186
3307282
4148622
3646808
2606915
3822908
4443450
3097083
3846586
2897345
4016264
1724886
2705399
4477938
2899697
4085739
3786324
3917344
3806123
4425340
2834988
3086386
3660251
4300581
3118512
3399850
3702151
2690987
4466910
3186749
4483288
2919767
4072490
3793366
3304858
3351040
2238400
3646581
4288382
4441701
4168993
3844554
3953197
4588820
4016084
4212980
2702237
3874208
3961351
4640523
3243691
4048369
2078135
4230939
2516961
4395929
4492343
3281494
4263553
3802056
3934293
3064408
3980630
1515468
4155768
3659893
4299907
3836624
4447094
4567935
1847866
3398342
2399181
3860766
2897515
3450204
3757363
4482816
3258219
4069425
3583323
4246922
4403630
3926122
3639393
4284181
2591665
4439009
3942359
2344827
4306980
3844185
4458041
2890872
4581791
4012128
4360364
4470216
4394395
2791812
2968876
3797802
3977688
3311194
