5292421
3017085
2539026
4094535
2928560
4205056
2123792
2804814
3349974
2891510
2017021
3194629
3843325
3450348
3066086
2684024
2041390
3339977
2929908
4004795
4409079
2613151
4553120
3007606
2821714
3176685
3493778
2736751
4964936
3913831
3067988
2882416
2759520
2553373
3824191
2945058
4594097
2808595
3901941
4127639
3462903
3942182
4039695
2901838
4037810
5048348
3492782
3437894
2010378
4162541
2960759
2330906
2995625
4573984
2771473
3355423
3338736
4034772
3037642
2887415
2688891
4596716
4046449
2700744
3497478
4519922
4196297
4632298
4805982
2554323
1940666
4495282
2239431
3230617
4200464
5068822
3069689
3184289
4034860
4642542
4192462
3772292
3073817
2599252
3559233
3874875
3668415
5070980
4446358
2668559
3527935
4759174
2716572
2960103
3588484
4361185
4417218
4906057
4297392
4227759
4813473
3785304
3367272
3516886
3350719
3108898
4367418
4872915
4215028
2857867
3216394
3635588
3178536
4693629
3797892
3771446
3224372
5136021
2885568
2976065
4034843
3246650
1943715
4330291
4553217
3134080
4649291
3277581
3253674
3863301
3765076
3762885
2877696
3872896
1981589
4573591
4007688
4265460
3722254
5145580
3375278
3953098
3479010
2556239
3704263
3099876
3745113
4830050
3872040
3355152
4118988
3379290
3842079
4289838
4037785
3753276
4801818
4808476
4147066
4807801
2515907
4146584
2416547
4055022
2802759
4018249
2742682
2532065
3252297
3767950
4449305
4688431
4632982
2339673
4531456
4465007
3657421
4370125
4928119
4313907
4261350
4717198
3611922
2862232
2657805
4472683
4044909
3855763
3810051
4192023
4902817
4381714
2082633
4019836
3971000
4864682
5013984
4349318
3244129
4306672
4252031
4357915
4625590
4493736
2906161
4434944
3816617
3925913
4452558
2893871
4550254
4539562
3943373
2362601
2735533
4094961
3265962
4662192
4231943
2344204
4276461
3647817
4130749
2044672
3640096
4272762
4297032
3752667
2878118
2744357
4185767
4403871
4107635
2168732
4079080
3582710
4398189
4277911
4358460
4318199
4215832
4272849
2693577
3543532
4944359
4967440
4226817
4618445
3970909
4755774
4149095
3994823
4802290
4299387
3086264
4238309
4636300
5011072
4258784
4919931
3723062
4261775
4690431
2540397
4539617
3822151
3567938
3040881
2594075
2635879
4291889
4037364
3164587
3294175
2295807
4928824
4661744
2209615
4321044
4726059
4957064
4702490
3894621
3746094
2622111
4268507
4401552
4220344
4425471
4600773
4627677
3638095
3785804
4328482
3881917
3842491
4307180
3885208
3597206
4310988
3635889
2218118
4729732
3655552
4384167
4449619
4895118
3642566
3803629
3106516
4633873
3968071
4738860
4754573
4928118
3884589
4288839
2373544
4085565
4423609
3721614
4542699
5200091
3828469
4249530
4008259
3592649
2833550
4439065
4944380
3746334
4190271
3931183
2153563
2631158
4387813
4632872
2893876
4509814
3806505
3125790
4281128
3324026
3974092
4342830
3528946
4082421
4413018
4928144
4160246
5191872
4233887
4004678
4089450
4427813
4939308
3724058
5237949
3837543
4303997
4672668
4036933
4384025
4102143
4630611
3419908
4120591
4633416
3281010
4330185
4749510
2725354
4407227
4928072
4517252
3813531
3142349
3884287
4645942
2368068
4347767
4774471
4421092
4928249
3718621
2947609
5199253
3825877
4653446
4007860
4093878
4438570
5276493
4037799
4384559
2876921
4578365
4632840
2203097
4049616
4130190
4634928
3320943
4412444
3690353
4527539
5174384
4232143
4290291
4650946
3996132
4367066
4088176
4931084
4183033
3836357
3202836
4383441
4948786
4572660
3854811
4696823
4886559
3094813
3870120
4269941
4633045
3955441
4731493
3450735
4749402
4406766
4928036
3139307
4643644
3986483
3540992
4419227
4928211
3707820
2947250
5197698
3825647
4240865
3885839
1980340
3356755
4367858
4093870
4558314
5274386
4260523
4683203
2869116
4576593
3860687
4267401
3252546
3946703
2195439
4713893
4049352
3644354
4128037
4501726
5049973
4217244
4634648
2303402
4333550
3525701
3675435
4526362
5164750
3172885
4650911
2388670
4353838
4087401
4930272
4177710
3830490
4249697
3379284
2834918
4443065
4946454
2163313
4037822
4877369
4212345
3869231
4746025
4921177
4135986
2897182
3809611
3879163
3326605
4343772
4357605
4764332
4928180
2946739
4651518
4367481
4091474
4939576
3728159
4556576
4677069
3389918
4104423
4959117
4631074
