1460.0
1440.0
1910.0
1810.0
1350.0
1100.0
1390.0
1640.0
1630.0
1530.0
1540.0
1690.0
1510.0
1440.0
1449.9999999999998
1340.0
1070.0
1360.0
1729.9999999999998
1670.0
1520.0
1520.0
1550.0
1210.0
1180.0
1160.0
1460.0
1190.0
1550.0
1360.0
1449.9999999999998
1280.0
1300.0
1250.0
1370.0
1160.0
1030.0
1419.9999999999998
1360.0
1260.0
1220.0
1220.0
1220.0
1180.0
1060.0
1060.0
1150.0
1040.0
1070.0
1030.0
2030.0
2320.0
2520.0
3080.0
3469.9999999999995
1620.0
1000.0
950.0
950.0
940.0
940.0
930.0
930.0
930.0
1070.0
1130.0
1010.0000000000001
960.0
970.0
950.0
970.0
970.0
990.0
950.0
950.0
1019.9999999999999
970.0
960.0
940.0
950.0
1000.0
1019.9999999999999
940.0
970.0
950.0
940.0
940.0
990.0
970.0
950.0
950.0
940.0
960.0
960.0
940.0
930.0
1050.0
990.0
950.0
940.0
