95140.0
93920.0
99550.0
137660.0
104920.00000000001
107640.0
102470.0
100240.0
96110.0
108800.0
108420.0
98690.0
95690.0
98650.0
96460.00000000001
99309.99999999999
100700.0
96070.0
98050.0
95780.0
101140.0
100210.00000000001
103430.0
102200.0
104330.0
101359.99999999999
99140.0
101120.0
102800.0
104560.0
103690.0
101670.0
101649.99999999999
98930.0
99730.0
100910.0
97000.0
99280.0
98370.0
97670.0
98380.0
96400.0
96540.0
94410.0
94390.0
94340.0
94650.0
94890.0
94500.0
94349.99999999999
94040.0
94450.0
94130.0
94280.00000000001
94010.0
93880.0
93820.0
93869.99999999999
95119.99999999999
102050.0
102980.0
96540.0
96960.0
99260.0
95120.0
96080.0
94360.0
95380.0
97030.0
94490.0
94460.0
93900.0
95590.0
94640.0
94590.0
96590.0
101330.0
117640.0
98310.0
98080.0
97490.0
93330.0
93010.0
90830.0
89580.0
93980.0
94410.0
92220.0
91210.0
95380.0
90230.0
87510.0
87720.0
93310.0
96140.00000000001
93610.0
92619.99999999999
87630.0
87500.0
88180.0
