4696230
894016
1455210
975660
4834704
1583268
2220836
992617
1455855
4184087
1919817
2233614
2010832
1382774
1455244
1185187
1878260
1842883
2126718
1509948
3127192
1004986
2174166
1505998
1608857
2201097
2109376
3004442
2862341
3008589
3122193
1531634
1934132
1031927
2343577
896256
1806611
1058604
1772744
3102266
1165719
1590021
2638770
896236
3365206
4942352
2760973
2235245
2572368
2735050
1442583
2474012
1714282
1958987
1272013
2767293
1803162
2700695
1046729
2464135
2737408
4446067
1211174
896958
1715715
989647
2701604
2204652
2811693
3707594
4358755
3835381
3218060
3150565
4634084
4262224
3702959
1127416
1136297
1984329
2140681
3350994
1672567
1868240
3806332
1971836
1007163
3123337
2644548
2518895
4126946
1133263
4330151
2511348
1426230
3112538
2711345
2574192
2014865
2006026
2492822
2522734
3631745
2018277
2725104
2328089
2090468
2694207
3020465
3123281
1724709
3125586
3368317
5501007
2050175
1527784
3421252
3124188
3255385
2921477
1357149
3708480
4229500
3313782
1229222
2748209
1398560
3208286
4201829
3897807
4799582
3447272
1837950
2567541
2667070
2014667
2211332
4538706
1583843
2611664
5054137
3723850
2374084
1673427
1842455
2989376
2337218
4834100
1678522
4428382
2134277
2637424
1455204
3423932
1625928
3111414
2729888
3630014
2716767
2366443
5529285
2760257
1198576
2012812
2411974
3275840
5289838
4010697
1835190
4010690
1841383
2110879
1577379
4991464
1583628
4366104
1577163
3259344
2019351
3706137
2878443
3946387
2634855
5041908
3359155
2220722
4357762
2110155
3259391
3359379
1584513
2762244
2633471
2626912
4369267
2184522
4787736
5203399
2112809
4966691
2626853
4392116
2110420
1197701
1627669
1769793
5309866
4199797
3266253
1625916
1202194
5487957
4968056
4239965
2605336
2294148
5335437
3432644
3883441
2558817
3701773
2057241
1845000
3220460
1418564
3850030
3714717
5215991
2375190
4390930
3952507
1583626
2664824
4010506
4492826
1204725
4661013
3772478
3278469
2697796
3690374
1770279
4613469
4371379
1784325
4407533
3366347
4834826
3457930
5020219
5233211
1652171
2284578
5158205
4319670
5314574
2080714
5050277
2001426
5110665
5359317
3792312
4274746
4726928
3481952
5375733
5265250
1444184
4988556
5299706
2783384
5346007
4208152
5369282
2964796
3580283
3944722
4914468
5282168
2767807
2195825
3471703
5373042
2548891
3874535
4351072
4419811
3048644
5292435
1640862
2781769
3375187
4207402
2919864
3146372
2172096
3455695
5368693
1823603
4786624
5231996
3483591
3944409
2283288
4619797
2193440
5372554
4341717
4816523
3591913
2718428
3689475
2773893
3115690
3143929
2159236
5362727
4286106
3482463
5376677
2562528
4380190
5268760
5513323
4432946
3097753
2785042
5347983
4336975
3255536
1604369
5543442
2771632
5322977
3938556
4293355
5162371
2083616
5434088
3119372
3382382
4066507
3813392
4284437
3161641
3834282
3439373
1980596
4082607
3744205
2041823
3148787
3984671
3233670
4319005
3985261
4665423
3887501
3203489
4174046
3079857
3834038
3940721
2165483
4053386
2040377
2477257
2980452
3008588
4418481
4204019
4222188
2676881
5242990
3957199
4203367
3827810
3349376
3392071
3579420
3949110
4319059
3158747
2508478
4492967
4581568
3009213
4440369
3679419
4633453
3952133
3669602
4574857
4178099
4822253
4078950
3640904
4567848
3813438
3268929
2157458
4447409
3833508
3929288
2169938
4778522
3830391
3456821
2864463
3096998
4312517
1968127
4990483
2320908
4092642
3599729
3176261
4166815
4088550
5302598
4579569
4864950
3729290
5101750
2182152
4421471
3239906
4106395
2402365
3741388
2942632
3230860
5244096
2875336
3375070
4247476
3718738
3836824
2890165
3834288
4322536
3139546
2553316
3629960
3130362
2267571
2866824
3850238
4021441
4764026
4796890
3006439
3580790
3124208
4404472
4451231
2351604
3933710
3938624
4176084
4433688
4197636
3720545
3502888
2459039
4150865
4597214
3001218
3403428
2621992
4231935
4730004
2824326
4196181
3768329
1996210
3672244
4318650
4460823
2547779
2665210
5138083
4433033
3154262
4567373
3733220
5012200
4315657
3533849
2547170
4396790
3434944
2736775
3895424
4691140
2725109
3381528
4166003
3530078
3530484
4661169
4203602
3371891
3979396
4614292
3780409
2727467
4492655
4876625
4407672
3863643
4483037
3395736
3995396
5181580
4664722
3464378
4099408
2342570
2651889
3920883
4219309
4039517
4063777
2571800
4692320
3156663
3637637
4003977
3961083
4747634
3537499
4017631
4557164
2502471
2188798
4198234
4359696
4753099
4706058
4249645
3996629
2926922
2052901
3945711
2921441
5478376
4340433
4437990
4369867
3100086
4295146
3995708
4266482
4409062
4694740
3438458
4463227
4569225
5040258
4099464
4383589
3822073
4887666
4174961
3993829
4849751
2571798
4310127
4220324
3403860
4322652
4116921
4316733
3781820
4573642
4263117
4304418
4424851
3961180
4282874
2651919
4534307
4729156
3292952
4161005
4334314
4233428
3902205
4053596
2758768
4102570
3720864
4401637
4407140
1970759
2857720
3963763
3706565
2542259
5077608
3777378
3371785
3073727
3999832
4631596
3422512
4345123
3745294
4052570
4176646
2826504
2537808
4257555
4680213
5023206
4506360
4357022
2695168
3258072
4548941
4217017
3609151
4493794
3823784
4332325
4559894
3329001
4342636
5321377
4411451
4787074
3892499
3703994
4670381
3840732
3678171
5488846
4627122
4807552
4513243
3946755
2794503
4270461
2331987
4017360
3374747
4608451
4498104
5063797
4321935
5287568
4202975
3722930
2559829
4495245
4305392
4420515
4245613
3354037
4633351
4804577
4146319
3976274
3422040
3063758
3148786
2187265
4522465
4754235
3002335
3711330
4815428
4298948
5361975
4170245
4435088
3837729
4799394
3727639
4704646
3900566
3746981
4257700
4935668
4616598
4821598
5061345
3398684
4289123
4411856
5069719
4557559
4180085
4599836
4511447
4693601
4076825
3262743
5229530
2644630
2639226
2967404
4420278
4815069
4552282
4128240
4265803
4059449
4483557
4983816
2025701
4797914
3738034
4118147
4501682
4282141
4480787
5063100
3707185
4760053
2878261
4105471
4302702
4411988
3268589
4512931
4280997
4324707
2626724
4783924
2416351
4760767
5300151
3124704
2110438
4555436
4744703
4488365
4425157
4533348
4523900
4816280
4462695
4245099
4321352
5248433
2401893
3773585
3994324
4268799
4742601
4804911
5215307
4408944
5033691
4477792
4676770
4424230
3895500
2184523
3813948
4244622
4396865
4668757
4555058
4287753
4806449
4209154
4315359
4197324
4971137
4561476
4771344
4633150
3464001
4300233
4297472
4803058
3760913
4494600
3252915
3385717
4220803
4749591
4962509
4340965
3896220
4590484
4376314
4368216
4726586
4236184
4475340
4339338
4575697
3279791
5329031
4570307
4264213
4613255
4475763
4220864
4691338
4440201
3973151
4493790
4799161
3760364
4748216
4378974
4627715
4385872
5239751
5393594
4262734
3279504
4924321
4586233
4016987
2943957
4138272
2107990
4619885
3723601
4385784
4222150
4391188
4619704
4567522
4464604
3268629
4726739
4272894
5227422
4500858
4336461
4405351
4438788
4348524
4790327
4742249
3619220
4468706
3438177
4597351
4522890
4600700
4785960
4321894
3899647
4311686
4796281
4279209
4085083
4514602
4559983
3939704
4684983
5545312
4432116
4416600
4452771
4730919
4513103
4192554
4444545
4281573
4691340
4686401
4903210
5022588
5107029
4978280
4205070
4257104
5319995
5086486
4477840
4694665
4759994
4265555
4186995
4403818
4631176
4888405
4405442
4335533
4211280
5260118
4566067
4440093
4265603
4852390
4753325
4675810
3757832
4786393
5330492
4350328
4022412
4920978
3804132
2742698
4307128
4496252
4548396
4958952
4237960
4743894
4688781
4326358
4075524
4725585
4362199
4682153
4623005
4873466
4911304
4650086
3693734
4114594
4788893
4445121
4381220
3949970
4347610
4202520
4615800
4685346
4763379
2651858
4284686
4075531
5105087
4650580
5512838
3842742
4501424
4401517
4262220
4781353
4022424
4364985
4451890
3135745
3373147
4479263
4371356
4752021
4570388
4866682
4904749
4785845
4643815
4550439
2772440
5217000
4433439
5427672
3668920
4230587
5341562
4604672
4445487
4551196
4734812
4412996
4920744
5115364
3820363
5275321
3464164
4420411
4785412
3954220
4789826
5540561
4708776
4504232
5113874
4857608
4692800
4181598
4400625
3873055
4922338
4966199
5127421
5204541
3966283
2579275
3466371
4503850
4283514
3715109
3209236
3375996
5021575
3941388
3493680
3885618
2495406
4027259
5437495
4518690
3983970
4527126
4796448
4164910
3406561
4539735
4416770
4005831
2639854
4420482
3505646
4785565
4364542
2516736
4286099
4033753
2701837
4523139
4204589
3974337
4695843
3617132
4533860
4169811
4874891
4211959
4450753
4710057
4080514
2859071
4344524
4179431
3474574
4783474
4357284
3793104
3883671
4420915
4203031
3961380
2544140
4526758
4206921
3116352
3435163
5327406
1946159
4471217
5380398
3808056
4285715
4032716
5457934
2698899
3244368
2548559
3300188
3469361
4236931
3213580
3380600
4042019
4795198
4628665
3913959
4756723
2826458
4534870
4388635
4720609
2637059
4549046
4470173
4360838
4817996
4030728
4490770
5538086
4528040
4209727
3928045
4803296
1483345
3291068
1845553
2725069
1143791
2291264
1671857
1679303
1751135
1417084
2062687
1735935
2430748
1248375
1588352
2913262
1523809
1694960
1752483
1075983
2203694
891192
2181915
1210995
2142736
896452
1713396
2076377
4032894
1392739
3150805
2066821
3455598
1375013
2235173
1103492
1847542
1716212
1890870
2117144
1498155
3392100
1677728
1150080
1174775
1583535
1173505
1679452
3035714
3865462
1712200
1019496
3143062
3273201
3017328
1258156
1922757
4584249
1210176
4555472
1888724
1003459
4626904
3245430
1191370
3410818
1835226
1736672
2050078
1039471
3009140
2497546
1832461
2003624
2571927
4229489
3123708
3827203
2377579
1334441
1580106
2511083
2140313
913031
2183245
1410132
2379951
2637428
1497836
4014760
1876776
3848897
4168774
2151566
1613750
2632865
3259420
2717389
3817646
4688806
3259577
3731565
2636533
2635857
5243434
4725888
2762273
3259334
1583348
1304303
2354990
4856395
3704461
2121496
5543473
3313813
4132579
4240149
5393595
3704598
1298646
3763494
5483046
5544623
5217664
5284193
4431545
5450839
5149898
1775130
3423880
5004469
2698652
5006570
4336781
1663967
5535909
3628803
1004427
2617772
1455630
3761038
2207704
3475635
1450350
5349240
4829797
4349987
1773162
4552107
2694123
1618740
4920406
2319836
3472820
5169385
2702545
4239479
2001980
4348786
3017772
5375465
3345144
3471466
4572755
5545418
3492034
5063616
4438684
2694085
2717248
3466506
