3941291
2471056
2347718
3274328
2831107
2822830
2183837
2746431
1822821
3372703
2098774
3226694
2242156
4569369
1187978
2824323
4476351
1526593
2147325
2369209
2906423
3932670
2499366
3526647
3860645
3659600
1635905
3835398
4581421
3861963
1566351
2556750
3025901
2142499
2546918
1857920
3240831
3529756
3668424
3048772
4006428
4001115
3863513
2987221
961349
2156590
4445691
3741343
1614389
2668914
3138983
2569722
1415398
2976106
3767031
1875912
1723278
4017147
1434327
3381401
2757659
1665290
2217171
3681977
2340544
3327054
2191571
4432823
2241313
3963903
3807012
3787348
4017611
2529654
3918148
3901273
2558282
2393410
2821129
2183456
1595804
1959140
4388766
3755761
3244937
3293457
3854072
3810356
3749960
3887170
2953011
2757144
1974268
4228221
3014074
2912538
3693238
4295230
4175763
3783564
2036207
3725624
3567798
4609250
1331941
4170113
3277508
4507005
2674783
1904248
3281239
4388730
2923220
3787222
2603413
3553013
3268691
2679034
2000173
2751810
4126126
2629704
3186411
3789088
1163053
2063673
1999497
3863283
2429129
2197014
1381795
2441399
3500508
3848769
2670438
1858127
3417298
3091195
4317710
2209319
3158563
4035625
2492861
2336948
3655453
1513711
2821932
3891210
4516764
3803649
3173262
2638382
3520814
2292028
3956866
3902942
2556379
2985153
3790735
3074026
3648649
3810329
3436371
3787319
2052238
3563765
3970747
2892439
1625053
3158384
4579195
3625647
4347512
3105198
2161567
3564283
1587373
2771584
4120676
4170204
1368768
4554759
3850940
2454139
2876654
3025323
3665226
4290476
4405553
2558525
4259763
4326550
2697348
2130222
3090640
4382286
3131788
4129191
2549432
4527076
4289625
3894239
4489310
2877476
3909178
3907467
4619257
4138339
4009315
3474797
2031072
4204234
2330466
3049908
2764967
3273945
4286496
2402586
2695152
1712136
3299900
3114888
4048663
2441139
3505150
2974512
3361292
2611240
3616762
4540378
2869650
3725610
3494042
3439220
2217358
2828672
1838419
2801651
4299404
3574357
3584567
4045974
3609342
3791009
4509646
4224064
3339077
2019274
3582904
3896517
2558857
4074593
3347244
2161450
4258920
3428508
4409380
3674967
3052762
3131710
3318194
3666593
2214469
1969075
3968578
4295373
3889200
2010157
3929320
2547181
4630757
4159206
2111347
3376612
3952542
3089017
3618562
4174473
3693011
4301738
4354655
4443811
3318076
2765015
3233480
4217925
2356091
3403825
3798425
2735003
4099975
3087612
3438720
3001009
4017516
4079517
2670454
3469925
2681249
4034346
4368469
2696611
3677908
3873246
2665468
4316133
3064247
2973973
3467499
2523183
4342768
4472384
4082272
4181141
3411871
3984736
3214517
3577855
4311419
2414063
3856156
2860672
3657360
4355923
3890067
4608658
2949338
4140759
4398473
4195007
3428200
2683323
3992011
3485874
3235068
2449770
3862550
4560168
2966487
4151048
3733914
3083903
4447302
3508441
4275558
4065553
3867949
4578777
2899767
4116727
1938689
3907797
2990182
4164902
2130463
3381894
3744248
4411961
2657716
3956239
4219625
3447248
3173910
3542370
4286371
2368328
4078449
4346034
4389000
3020833
4176828
2156627
3406760
3466309
4476988
4021517
3198867
3559470
2387483
3851701
4533694
4082958
4353249
4598855
3699563
2167076
3418284
3778507
4435251
3989689
3805997
4483209
4033149
3220950
2396811
3579671
4317664
2438706
3660426
4360575
3366989
2621023
3938756
3071703
4200370
3785097
2690236
4001334
3138149
4264674
2311851
4492679
2761182
3232597
4051611
3242815
3863490
3320885
4407134
2639474
4212026
2199355
2705517
3822430
2774370
4342312
3869523
4581777
2902435
4121015
3329982
4647036
3755302
2664038
3957492
3091686
3454305
3794265
2729270
3178158
3838765
4507861
3279650
3635264
3886832
4595449
2916903
1977730
3343523
4391179
3924108
2157491
3770309
4432697
2672239
3983907
4244784
3802757
4029536
3208537
3563211
2390458
3574385
4308607
3855226
4086492
3889799
4605684
2947224
3358270
3711425
3052037
3425264
2683271
3483182
2294441
4034758
3665608
3898289
2962784
3373648
4272791
1513729
3612435
2480887
3867701
4576770
2899638
4116134
1934198
4382503
2568484
3742467
3953724
3444059
4464722
4014113
3534115
4284019
3844493
4509695
4074911
3625591
4344764
2913125
3761496
3968575
4233198
4018235
2387450
2836876
4082927
1715676
3641408
4352321
2520357
4597744
3693865
2596124
3774805
4434926
2678216
3988571
3121062
2290346
4482705
3220243
2396315
3578684
2869434
1819622
3312064
4611374
4143086
3364648
3722671
2612085
4199286
3433463
3784501
2688725
4491958
2759633
1434256
4331398
2887515
4107829
3320686
3901229
2974023
4157404
2102298
3737909
4205398
4009035
2339416
4502264
4068927
3264613
3618113
4339849
2901799
3329463
4643779
2140433
4416189
2661346
3793043
4470541
3543278
2375697
4507761
3278103
4590635
4390298
2584528
4177217
2157262
3410032
3109804
4244066
3802739
4029275
4535294
3649157
4604777
2946741
2029919
3355590
3704777
4394288
3929910
4185966
2169905
3422151
4440913
3129394
3808191
2754797
3223073
1836647
3897303
4146249
2074842
3732891
4203774
2192607
3435019
4445971
3139272
3500786
2324693
4056084
3245309
3865958
2894077
3324393
3903163
4634188
4162371
3378335
3741423
4409227
2649320
2211926
4463360
2710016
3173124
3533664
4281896
3829475
4505036
4074810
1648849
3620096
4586589
4125320
3911951
2149799
3757926
3964028
3095360
2221095
3462928
3798041
2734786
4018028
3843906
2834961
4082811
3640435
4351734
3887773
2595901
3927188
3028785
3414884
4246449
2285627
4303264
3577993
4539521
2867790
1810411
3658951
4356844
4141021
3362006
4400387
2611564
4199063
3783712
3489320
4263685
3810554
4490843
4036992
3230367
4331258
4564966
2886680
4107402
3667086
4371302
4152701
3374699
3788431
4452776
2700633
4007362
3509393
4277302
3819271
2769761
4066815
3256850
3617117
4336600
3867975
2901288
4116814
1943947
4638670
2992891
3746899
4415625
3956245
3448559
3791384
4466774
3176361
3543182
2806114
2827336
1684734
3277609
2502949
3884762
4589796
3690997
4389640
2577935
3917465
4177041
2157071
3409159
4238383
3799705
4477245
3853363
4533988
4084559
4353602
3889428
4601593
2946732
4139731
3355179
3703614
3048779
3781075
2679210
3124122
4250721
2291745
3222060
4306349
3861218
4546395
1835496
4617031
2953189
3370587
4403349
2621782
4003783
2763841
4042529
1497014
3232873
3609194
4334689
4574924
4115539
4381725
4630985
4162170
3377423
4407858
3953347
4214223
3443298
4460170
4012117
3164905
4281043
2342972
3829031
2790569
3273436
3619309
1957174
3333097
4387455
2572590
3911654
4174535
3389891
2664835
3095153
4230272
3458160
2733447
3183703
4509398
3279878
2919041
1982432
4391517
2589800
3926256
3026594
3771409
4245416
2266347
4481008
4031498
3563755
4303009
