2091489
2398011
970351	
408959	
1686112
1538196
4244334
2824225
882676	
2380304
773478	
2713012
1306247
4262467
2687583
2931735
865707	
1707176
3345434
3100695
2219423
1219409
2309102
2389559
2274785
899366	
2648722
1618897
2328472
2219612
1788405
765101	
1273642
3084916
2512974
3771234
710834	
2270634
717377	
2916338
2550184
2485139
1528485
3965110
3449532
1956267
4207889
2372665
1500085
2982971
2552972
2295339
1938215
2800144
2138699
3819371
1457662
4446741
3770772
3662338
1410342
3744425
2764881
3946002
2836155
3333106
1190666
2350050
3854249
1380566
3055095
3190266
2572132
4513152
2733164
1309005
4168798
1670903
3121922
3476141
1038943
4005803
1811500
3098006
2287619
1613001
4476229
1298614
3637082
2478296
1142226
3103810
559550	
2278298
1408869
1272118
3001612
1876852
2845632
2094774