5217255
1704551
2350264
2729301
1378834
3057028
1229557
3931733
3472511
4479666
922859
2930468
1416821
1948717
1399786
3127070
2409752
1650452
3255937
1678705
1655879
3379154
714973
2511129
3840459
1759369
2548230
1853370
2499499
2155317
3278284
4312607
2764300
3363234
4879957
2499480
4264298
4598309
3544231
2741994
3695885
974573
3005075
2216401
1419025
2464386
3414773
5136113
2689324
3621518
3807442
3092497
4567940
2233805
4950456
5218880
3685778
2997322
4788366
5089704
1636850
2625741
3783459
3970628
4482131
3662460
2990819
3241605
3387238
2559821
3559963
5275491
1722756
