2471063
963732
2724665
2104472
3226887
2824476
1546954
2274437
2493493
3527594
1636012
3869754
3862541
1963770
2562965
1898789
2211832
2155340
2548995
3251507
3048821
3657928
4001306
1925435
3863828
2987643
963810
4471326
1614852
2569907
1526871
3434185
1876487
4017326
1448871
2890832
1665607
2227234
2213856
4434440
2529820
2559728
2830214
1596857
3861281
3788127
2959779
1976589
2913456
4224481
3789472
2039101
4610134
4508837
1913125
4388752
2945531
3788004
3560466
3282389
2765483
2003119
2683269
4136070
2000037
3867905
2431925
2198252
3851257
2442507
2670591
2215412
2735197
4036256
2501388
3655653
3899050
3524723
3957028
3223028
3790742
3074491
4140939
3810975
3255072
3787344
2627393
3527098
3158989
4580155
1718354
2877170
2456659
4123611
3106654
2214235
4347933
3869446
1438243
2151303
4490825
4384718
2710851
4422644
2551279
4330729
4290486
3903147
3910203
4011370
2036877
4619711
4149120
2334530
1714285
4206471
4286992
2405978
3307179
3115339
4229369
4047305
3648993
3590453
3343986
4616760
3680094
3428706
2026429
2665675
3131745
3318450
4307964
4093271
4218453
3800245
3674474
4085829
4356745
4039217
4371513
4018031
3468310
2218101
2963423
2356613
3895959
3215111
3249571
4344399
2681298
1969958
3844751
4404015
4178275
4336094
3049730
2074916
3255227
3975482
2339870
3412515
3616519
4206282
3760522
2897143
3800680
3909173
4465564
3324665
4034805
1983359
4389645
4481023
4166088
4282993
2979914
4409765
3957828
3371879
4086120
2575808
3575818
4203354
3736448
4329376
1842124
3870464
3271687
2377075
4113355
2624208
4208225
4362660
3899006
4016398
4589536
2681107
2916934
3806488
4612002
4150541
2705941
3674495
1434946
4280609
2950417
3002320
3840540
3224834
4639075
3556622
2743516
3711131
4416574
3970065
4519432
3389693
4205647
3754577
1716481
4352139
2150857
4439486
4004362
4561409
3434233
2635196
2892723
1950846
3908904
2200529
4465473
3321703
4598664
3468381
2683417
3814966
1977875
3177720
3924622
4163015
2711048
4282525
3023281
4406432
2316790
4505548
3367733
3566499
2765030
3727782
4329273
4339679
3990575
2375451
4540186
3428261
2612298
3620923
2871453
3782029
2160104
4586128
4132125
3657503
3803967
3140444
3913710
3335135
3513146
2700785
4280405
2993358
3833220
4393809
3355301
4069065
3536038
3699692
3048419
4410699
3959277
4090237
2581173
3751155
3870995
2147108
4438549
4123172
3645367
4217417
1944757
3115325
4597120
4264172
2925939
3344004
4053457
3527353
4161613
3685979
3846537
2031249
4405573
3230592
4494589
3362786
4186702
2760675
3723023
3984106
4535622
3420067
3618831
3779192
4012328
4131650
2899845
3800788
1957291
3138220
4469565
3334063
3501525
4143589
2689242
4280038
2947671
3832030
4483255
4066129
3532958
4176068
3698534
3958574
2325241
4514279
3373701
4088939
3578981
3739997
3082547
4434591
3280604
3999689
3433600
4116184
3638046
4213474
2887713
3784512
1934320
4365443
3115295
2193706
4450038
3660541
3793706
4388587
4479571
4047656
4158067
4280735
