1942176
2398015
749608
920644
1278441
379269
1685516
1880720
2086970
5280153
1601459
1673563
1963539
1115420
1571428
2781728
2624647
2928116
2497341
1130378
2267306
1749328
3556505
907604
1096663
2612286
4261240
873814
655718
2891330
3456032
2127000
3436200
1806828
2692522
2848234
1583262
4090656
1510167
790755
2545834
879889
2705981
1895392
1749345
2925584
1230402
863543
1299867
2674080
1642284
4138030
1674363
1951910
895875
3052122
2040868
444638
650336
2065661
1587281
1218495
2036474
2143050
1553610
2149862
4090621
2729780
1307142
786549
2147093
1181852
2315575
2736417
3755603
3681645
3985411
616728
869922
2145940
1895663
656844
1623357
940920
3300435
1221741
3835116
2713601
2057650
2619600
2145127
590829
2850839
1203203
3217952
1238766
1085516
513083
2130541
4467321
937226
2402286
3331168
1518894
2225008
2608518
974788
4626477
773475
3174310
1514830
1594159
3024844
846144
3550229
3369900
3632861
3077723
2466933
710109
2039857
2628569
2277882
2213492
2313936
2064496
2801662
1261907
2391891
2103836
705635
2456173
2816081
2555228
2625030
2686101
2562560
3747500
1902003
2775454
1238350
416755
1553561
2252898
2639346
1749346
3445220
3770123
1964880
1819807
2372558
2032076
3095783
1301681
1330021
2946541
3618657
1329524
1889068
2886811
2030573
1253221
2557178
2281813
885656
478328
1739163
2462598
1780913
1655658
2064739
1932751
3795782
3400265
2189030
2087011
2804182
968282
1796073
943407
1256553
1474584
2748965
4727568
2922223
2357382
2192078
3827874
1890755
2582230
3792811
1571871
2827230
1404385
2158464
2862818
4123806
3409520
2063651
1847460
1872639
4307925
1099765
2168784
2747362
1697852
3894704
1165371
1954529
4037796
3067107
1251497
1560228
2465296
1826320
4344777
2266508
2979715
4622413
2198881
3617911
3204445
3275844
1437267
1022409
3432167
3314599
1696041
1253338
861012
1721935
422700
3995341
3186114
802598
3101554
1287256
3291639
933973
1548605
2576644
3409849
1878947
2192170
2863672
3543263
728927
2901855
1607283
3207246
1697905
3324514
4417275
1859155
3546661
2719901
4130093
3639769
2339664
856638
2728891
1643784
2839294
1665901
1977239
1952486
3278148
3096201
3231907
3447016
2720291
2496852
1330940
1032241
2740042
2394499
1297061
3372749
3996006
4731817
3243421
1673767
2453788
1992162
1149364
3099839
2278248
1889524
3388864
1879712
1800121
3795604
3736630
3030660
3096521
1592073
3661700
1298150
4427309
4609761
2478305
2462660
2087046
2492976
5219143
1127597
4012526
3246166
3530461
2301872
923182
2355829
4260023
3081133
2301082
4662839
556956
1400000
1780515
1657678
3396664
3156965
1560016
430403
1261483
2195772
2875839
2496821
3175472
1947527
2295894
3544891
2364766
2493177
2060303
2783077
1589378
921389
1274021
1317722
1051386
2991323
2190646
1659797
807960
3251934
4180868
3243167
2568482
2050648
3438442
4535217
1991670
1933452
2906923
3151623
3274772
1246157
1750975
1835219
1870050
4490206
3942760
1584458
2190498
2280283
2479823
2353438
2339027
1337005
1600238
5038858
3354359
4531268
1936051
586093
2548955
1759418
4513040
2708016
3216710
1823034
2624455
2847568
3655615
2443300
3935383
4788082
4490323
2634725
2573235
1059281
4266293
2815466
2818630
2885547
3219522
4991426
3591186
2010493
3130306
4328924
1681713
2775066
2825045
3639350
3425286
2558125
1950818
2206951
2206765
2947049
2512253
2680998
3750901
4307499
4264132
3090652
3842786
4326315
2950418
1324578
1847071
1294090
3842988
3651404
4023352
3317092
2741326
2559522
4745931
1916570
4515057
3009159
3078443
2243700
3884035
1407653
584648
2015813
1609280
3100844
1506515
2550930
2142438
1511689
4480071
1996018
2178911
2064297
3396677
777576
2706682
2117316
3474151
4029632
2771242
3916248
2037518
2750614
3182707
2875945
4202285
2390309
3216730
2856314
4681297
2624409
3284979
4176312
3140888
3429552
2662560
2620048
1337288
2322604
4405710
3168003
4804436
3007205
3116924
2060534
1985538
2700503
2568055
3397421
1595088
1640756
3698890
2289002
2301900
2850104
3645006
1885857
3246494
849156
3467514
4561243
2359854
2732893
2661203
2748136
2757169
599199
1457002
2556849
3927899
3801790
2794489
1642032
3979225
4644239
3050086
3106288
3352981
3100670
3277515
1622508
2301917
2775035
2289976
4820249
1285636
2813680
2711560
2337765
4746573
4367774
3726015
3886456
709630
709640
4121242
1982088
2680290
3200966
2235488
2871004
2232185
2667663
3503366
3667290
1784264
2569845
4664636
1578252
2315091
1810459
4366740
3667331
4026506
3449017
5029588
1319428
2577887
1424169
1989132
3246718
2548917
2355920
2248233
4256039
3835055
2744173
1759692
1566990
3520256
4333211
3447109
3683016
3086376
872393
1772590
2688094
2730093
4211153
1253571
2238058
2005391
4183453
1299833
2063571
4306606
1614788
3380994
3899845
2711516
2705418
4014311
3097512
817721
2967040
3217482
3449686
3982593
3458791
3049335
3416828
3597992
4303718
1257841
1657034
4653332
1091070
4958854
3790858
2558177
4087881
3803878
4026929
4379382
4069006
4022655
3817118
4254844
2875282
3803845
2732073
2658114
3246752
4493780
4333837
1309625
3142314
3546855
4369365
4228471
2514295
5170991
5075099
4866525
1025871
565190
4035739
1757155
1695969
1980927
4744825
1440376
2867902
2240105
1793085
2016815
3817324
3563194
4785404
3351204
3836676
4429707
4099916
4525378
2162141
4727012
3519520
3115655
4409780
2523252
2517040
4702424
3246772
3668300
4162023
2220808
4132292
1894515
4296497
1926591
4437244
1414090
2027860
4880352
2050736
1617666
1909700
2241631
4335340
1074817
3807304
1168923
3277558
1707022
1776762
2341411
1731815
5011409
4292479
2509752
2186906
3098269
1610650
1584614
4125983
3705611
4358197
1565824
3610369
3321860
4850812
2737659
2008950
4086603
4916182
5018919
1513859
2738444
2967321
739663
3435204
2395665
2292666
1726242
1668376
3960115
4925131
1897572
2033857
3326974
1267785
3812294
5168388
2738521
1981526
2301958
2913021
1287624
4624189
3411411
4476882
3205389
3227648
4249837
3106143
3162370
4089114
1493058
4038241
2341233
3450622
2447270
2066011
3945205
4292177
2936206
2018997
1287667
3453651
3246374
3596856
3552651
3127731
771772
3870212
2551986
4648851
1929705
3743425
3094211
5013522
3385942
4850346
4254363
2723799
3957047
5273859
3967085
2640415
1678539
2302443
4211804
3374476
4229637
2140040
4761938
2642430
4878941
4542493
2640662
2078588
2255184
4151148
918293
2748102
2498151
3825584
2135552
3551214
1525558
4203539
3688114
2550759
4574339
4394745
2623937
5064446
1235200
4090696
3401432
4533642
4192800
3956664
2087408
4064629
4596256
1883908
3962894
2761820
2202987
3702527
2945636
1493897
4640586
4455340
2335058
4985025
5142673
2165869
4398566
3651053
2087376
4174730
2588247
2414784
2802394
4501378
4722437
4272195
4355959
3501863
1611269
2952886
4042023
2627059
4268125
4128572
4247165
2918701
4796972
2305341
3844860
3828632
4400899
3821185
3984680
2294314
4333164
2714258
4915544
4756059
3611291
4587678
1581980
4264865
2632831
1408305
2481949
4921924
1590534
4413469
2290923
3869956
2738105
3341814
4531769
5196782
2625251
3751341
3920156
1943978
4347286
1593541
2857838
4646378
4688346
3245548
5192752
3802275
4489673
2560687
1796289
2628520
3677442
4160516
4344417
4635428
4174789
2162421
2683085
4393935
918173
3938374
3822584
3873314
4368504
4943766
4799378
3912175
3118661
2397083
4340934
5157928
1530655
3785426
4633591
4726805
4031759
1136846
2158139
3631368
4287142
2115531
4183967
2712007
5004987
2267856
4755238
3609409
4230468
4403409
2627682
2728146
1629771
3453532
2760939
1220346
4361367
4929671
2195170
3637987
1025100
4289279
4146788
4185161
2740536
1661988
5241261
3360659
3828888
2975730
2143808
2026256
3437542
4682575
1960200
4619333
4869128
2051205
4262968
4491381
3475102
2323530
4600718
4813300
4092451
4469001
4360675
3936925
4870332
3504665
4477601
2658128
3213852
3689489
4692085
1453379
3029754
3543735
4017492
5148512
2168181
3245785
3733797
4184637
4747549
2302696
2871251
3410433
3871944
4367573
4940851
1730003
3089911
3593866
4039384
5196157
2201024
3778268
4224472
2347158
2893877
3444069
3908419
4399424
5009232
922032
2043891
4086424
3309581
4259067
2394822
2926139
3466196
3946639
5057763
2075964
3667453
4649895
5262955
2267876
2775936
3343857
2786967
3352999
4299645
4883338
2472852
2958744
3513799
3995339
5108696
4702816
3380822
3848242
4338482
4023750
5157474
2693330
4193702
3884719
4374879
2011911
2560708
4046146
5200156
2208377
2721810
3284155
4231523
2901675
3918071
4404452
1797233
3125241
4632845
3805011
2940319
3956723
4442593
5067092
4115619
4651898
5272380
2087472
3677971
4656793
5279934
2276120
2801709
3360268
3828747
4895797
5114642
2671348
3227760
3703116
3386305
3857415
3063637
4030185
4543081
2702165
3756384
4766710
2320007
2892009
4380694
2022752
4064646
4596939
3289549
3926925
5025511
966709
2606482
3131337
5247427
3323536
4271398
4856628
5068987
4466319
3195044
2280896
2811475
3365500
3831641
4319357
4899166
2490410
4011126
2157854
2851562
3860782
4928053
2532871
3574264
4035178
2706253
3765611
2328852
3899717
4983677
5215819
2732903
2377552
2917730
5037910
2616214
3667191
4643305
2258686
2765329
3816027
4282958
4864433
2947021
3492012
2460638
2947628
2654857
4144295
4328422
4901327
1682683
3540206
4016427
4183438
4362687
3582911
5189300
3277056
3776145
2893867
3901949
4992844
2590881
3638386
4083124
4618363
5221137
3305456
3801327
4821265
2923465
3938378
4430567
5048945
3667304
4105412
4289899
1649994
2268005
3822668
1657171
2468406
2952636
3508328
3986614
5103951
3216573
4148217
4698453
2830865
3378468
4334842
4907097
4021000
5152582
2688792
3736799
4187366
4749692
1514193
2302775
1730627
4041759
4579631
1263098
3278143
3779660
2348850
2894078
3444862
3913278
2596941
3119828
3644549
4087613
4627852
5233662
3314210
4829039
3667629
4111740
4651021
5265233
1400815
2274679
2792419
3827596
4886165
2477261
2966403
3517417
5112392
2668145
3702543
4157758
2300221
1698276
1978949
3061440
5158275
2698571
4759906
3426641
4378685
4947510
2016487
4050395
4592785
3785729
4236966
3448417
5019079
2059691
2600954
3129586
3659840
4089476
4633727
5242177
2252316
2747506
3318139
3806786
2945667
4450891
5068118
2630276
3177436
3672557
4120223
2088796
3363119
4313880
4898577
4005075
2672635
3231061
4169237
4726865
4925057
1710626
3570838
4033974
4546151
1240081
3758859
2892887
3433177
4385654
4969749
1749239
3099882
4065835
2730459
4246745
3930138
4418316
5029761
3665989
4641033
5250469
2754710
3811236
4275343
2946798
3968459
2947117
3493888
3686893
4673291
4899421
4515949
5136206
1217395
3242886
4741249
1508603
2302511
794695
4928221
2541194
3579003
4036278
5184187
3769792
4217321
4785697
2335200
2893862
4391951
4985299
3102007
4079980
3300357
3796517
4815975
3935834
4427881
3667247
2264690
3335576
2950092
3503984
3984177
5096377
3213555
3688330
2294049
3374748
4331465
3028749
4017438
5143051
2685071
3728653
4747422
1513910
2302689
3870865
4939525
4039268
3277507
4220952
2343511
2893874
4398708
5008394
2594582
3639398
4621628
5225077
2242105
3308384
4825574
1614885
3462967
4431717
5054860
2075819
3160876
3667384
4106467
4649788
5262355
2267859
3343818
3820526
4869656
2270212
4299492
1658525
2958149
2133680
3698809
3847725
4336037
4914766
2503693
3051077
5156517
3747122
4756022
2877852
3422334
4374749
4943850
1731351
4045930
5200098
2207714
3283441
3781913
1581533
2053670
3122502
4088924
4632499
2247931
2742897
4264307
4837262
2402886
3472622
4438864
5066285
3174651
3667728
4114652
4651748
3183933
4123041
4656391
2275841
3360252
3520210
1205084
2142464
2670949
3227731
3703029
2843821
4920709
3063559
3561597
5160985
3259751
3755854
4765224
1537833
1734301
5205878
3287836
3788424
4809171
3449645
5024190
2605755
3807445
1631154
2434616
2945934
3480583
4454596
5068919
3192521
4130557
4661498
1419103
5285937
3365251
4898986
1677218
3530293
4511506
5125729
2153558
3717219
4730522
1496291
2302383
3397856
4353783
4928019
1719754
3574254
4034920
5177608
1244112
4211331
4780008
2893853
3435223
3899148
4389461
4982171
4601271
5215655
3794732
4249377
4814387
2917405
3932762
4422705
5035869
3667082
4642992
2255447
3329410
4282695
2947012
3491969
3970293
4464508
5084412
1900761
2459354
2947545
3981987
5091233
2651626
3688110
4143691
1433854
2816251
4328297
3539657
5139588
4182509
1510951
2302562
3404412
3868306
1992543
3582583
4038101
4571673
1253870
3277044
3770589
2893865
3901041
3638240
4082271
4617262
3303209
3801187
4254585
3457661
5045534
2069388
2621787
3154647
3667292
4648003
3818782
4289481
4868443
2267979
3346391
4294169
1925049
2952098
4479995
5099932
4147709
4695324
2830857
3377915
3843852
4905657
3039199
4018454
4749673
2875196
4040880
4578716
3277627
4225388
2348015
2894059
1784867
2596916
3641160
2246939
4261172
4828384
2076709
3166205
3667622
4108608
4650484
5264811
4300990
4884528
1935221
2961271
3517246
5111192
2137511
4155511
4708031
1478733
3382059
3848667
2513541
3058151
3248054
4198353
4757216
2882592
3884884
1732580
4591490
5204954
2210094
4235275
2356157
3918084
4405753
1800981
4089337
5241361
1322208
2250714
3317538
3806681
4267068
4838383
2415624
2630127
3670228
2088621
2633805
4124762
1410629
2802395
3362276
4897769
2483885
2977361
2672488
3230117
2302219
3858277
4346093
4924673
1707345
2527382
3065456
3567922
4545977
5170228
1240044
2188787
2704192
3263668
3758321
4205862
2892701
3432912
3893602
1747239
3622909
4065303
5211771
4810102
2366544
2912574
3450324
3929169
3665580
5249247
1330734
2255166
3324509
3809481
2946758
3488037
3967377
5074809
3492025
3977833
5087602
2093972
3685929
4135789
4669810
1421632
5287205
2286126
3369329
4320279
4899372
3008061
3535061
1215328
3242859
4738391
2302475
2857028
3400316
4357918
4928146
2537592
5181372
3275642
3767427
4216461
2893861
3437698
4077344
2235161
2733884
4251929
4815693
3935605
4427733
5042336
982260
1852098
2619342
3667205
4646000
2260319
3335286
3816840
4865197
2947720
3983640
4476580
3211437
3688277
4145941
4687960
2292720
3374547
3841999
1684539
3024851
3542995
4017267
2684702
3244975
2302645
2870434
4364726
4939059
1726817
3089215
4039250
4578159
5191924
3277472
3777048
4220151
2342145
2893872
3902835
2040113
4083715
5222456
4256791
4825082
5051840
2074557
4106049
5262203
3342061
3820399
1651303
2786647
4299288
2470026
2953734
3513036
3991168
4489566
1185475
3698670
2297478
4907588
4533543
5154091
2176405
4190795
3419906
3882813
4373264
1731348
4042752
3281609
4801923
2349550
2897890
2598972
3122246
4088720
4627974
2741934
3803950
4832216
1619326
1877378
3469479
3956434
5065255
3667698
5267343
2631425
3183919
3677154
5278897
2275748
3359260
3827984
4305681
4888773
1669074
1937569
3999778
4491846
5112845
2670666
3702848
4712290
4343717
1699450
3061799
3561431
4027394
1236806
4762295
2890092
4379603
4953712
866799
1734073
3619173
4061754
4594422
5205712
4808482
2359543
3924929
5022589
2604939
3129949
4090231
4634308
5243727
3320261
1882193
2945759
3960610
4453529
5068879
3191172
3681501
4661087
2806106
3365028
3830269
4898864
2488220
3528097
5124319
1212858
3232144
1495446
3859499
4353116
4926474
3068244
4034791
5173478
3271504
2323663
2893851
3897756
2575281
4072828
5214130
2231516
3290691
4247348
3932621
4422319
5032618
3140455
3666994
4093078
4642593
2255412
3814850
4279076
2946903
4464422
5079133
2947321
3496178
3981103
5091069
2644980
3687734
4678401
1433795
2289372
3837300
1954247
3538306
4519065
2682930
3721898
2859182
3868261
1723230
4570598
2708045
4220021
4787259
2893864
4988905
916613
3104878
4081183
4616927
3301204
3799116
4819118
2919240
3457073
5045483
2067938
4646849
2265527
4867044
2779111
3345426
3821805
4871620
2465635
3505825
5098826
2120785
3690436
4693966
2295285
3376135
4905586
4017923
5149057
1224414
4747663
1514045
2302727
2871322
3872563
4941519
4039659
2201572
2715600
4799234
2347194
2893962
3911181
4399796
2596909
3118419
3640843
4086595
5225466
2244835
3803343
3467080
4434375
5060882
3667516
5263318
2267923
3825917
4883655
2473347
2959293
5110444
2667354
4707338
3848487
4023952
5157862
2693763
3248031
3750287
4195593
2310215
3884844
4945484
1731883
2562044
4589982
5200398
3284633
3783778
4233258
5016380
3126102
3657390
4089306
4632959
2745006
3317246
4837585
3474022
5067883
2629519
3668498
4116987
4653066
2087652
3678198
4657064
1670627
1943475
3520277
4003156
5116836
3229367
3704513
4345271
4923781
3065400
4543916
1239968
3260911
4205732
4771872
1540950
2892525
3891963
4380752
3099748
3622136
4064742
5207867
2221536
2729836
4809398
5026710
3134145
3662565
4090671
5249109
2253177
2752176
3323834
3808903
4857230
2946578
3483022
4455004
5069025
3492021
3975036
5085760
2093856
3197649
3685255
4135508
5286536
4319520
2492575
4011411
2158034
4178808
2536924
3071777
3577343
4035666
4556441
5180444
3274795
4784430
2893856
4390487
4984925
1752109
3101178
4074734
4609643
1292288
3298800
4251374
2378645
1847709
2616786
3667202
5255540
2259906
2766719
4283932
4865100
2455737
2947047
2947652
3983019
5093741
2105106
2655072
3688215
2824658
3840914
4328494
3540383
4016857
4524250
5141462
1221695
2684646
3244216
2302636
3870180
4363237
3088059
3583404
4038276
5191133
3277088
2893868
3439887
4996568
2592473
4083485
5221615
2738332
3306514
3801444
4822565
2924198
3460525
3940176
5051026
2072661
3158961
4648674
5261201
2267817
3341822
2268028
2783721
3822870
4296683
2468931
3509486
3989223
4488648
5105698
2130036
3698016
4150004
4698473
4335069
4907221
3547778
4022180
4532391
1226732
2175951
2691320
4189383
4750746
2302788
1731307
3780523
4801692
2896605
3913934
2597673
5234723
2741599
4830188
2929606
3953122
4438482
5064627
2085240
4112833
4651285
5267241
4120604
4653910
2275055
3356960
4304518
4888596
3518300
2670604
3222246
3702832
4158031
1480623
3383894
3853286
5158291
2185681
2698737
3258179
3752212
3428040
4948843
2567998
4052371
5205672
1277486
2213741
3286693
3786790
4237240
1586882
2358739
3448512
3923812
4409709
5020862
2602541
3660531
4090212
4633888
2252438
3806957
4846853
2945758
4453297
5068771
3674461
2636820
3189871
2804921
4316187
4898790
1945452
2485581
2988045
3526974
5121085
2673635
2849131
3858482
4352649
2530403
3067745
3571844
4034753
1242413
2705678
3759760
2893619
4975921
2573310
3099949
2231246
2731786
3290196
4420926
3140299
3666972
4641595
5251375
4276408
4860776
2448332
2946884
3490026
3968810
4463085
2947208
3495232
3980714
5090239
3687661
4139050
4673824
5289596
4899613
2493467
3012885
3537195
4012887
4517661
2158930
2681523
3243093
4182077
2302549
2858564
3867965
4928750
3579667
5186456
4218758
4785928
2893863
3438339
4080102
4616723
2235997
3796628
4254225
4816532
2380244
4428462
5045309
3667260
4646647
5258855
2771368
4866647
