0.011402130126953125
0.010828495025634766
0.016207218170166016
0.007227420806884766
0.016196012496948242
0.012604951858520508
0.004634380340576172
0.007247209548950195
0.004721403121948242
0.019197940826416016
0.012149572372436523
0.035888671875
0.012469768524169922
0.009121179580688477
0.02625107765197754
0.024982452392578125
0.0068013668060302734
0.0023162364959716797
0.016444683074951172
0.021352767944335938
0.006529569625854492
0.01048588752746582
0.00414586067199707
0.00897836685180664
0.002547740936279297
0.018039226531982422
0.003777742385864258
0.02675914764404297
0.018622636795043945
0.019481420516967773
0.020699024200439453
0.02800607681274414
0.023705005645751953
0.01996445655822754
0.021360158920288086
0.005153656005859375
0.018457651138305664
0.011263370513916016
0.030420780181884766
0.02554798126220703
0.03525280952453613
0.022451400756835938
0.019242048263549805
0.03201937675476074
0.02236461639404297
0.013800859451293945
0.033529043197631836
0.023668766021728516
0.010843038558959961
0.025227785110473633
0.01865077018737793
0.03417825698852539
0.012557268142700195
0.019276142120361328
0.02850484848022461
0.015801429748535156
0.00703120231628418
0.002702474594116211
0.004973411560058594
0.0025899410247802734
0.026648521423339844
0.02099466323852539
0.017822742462158203
0.023558378219604492
0.02181529998779297
0.0073397159576416016
0.026728391647338867
0.01903533935546875
0.016739845275878906
0.006109714508056641
0.03144407272338867
0.008595943450927734
0.012048959732055664
0.013100385665893555
0.03143572807312012
0.011548519134521484
0.01060628890991211
0.020986318588256836
0.011311769485473633
0.012795448303222656
0.02865314483642578
0.00997304916381836
0.010225057601928711
0.011703968048095703
0.015222787857055664
0.0029904842376708984
0.016030311584472656
0.04063129425048828
0.033350467681884766
0.021266460418701172
0.02134561538696289
0.01269221305847168
0.01594710350036621
0.020815372467041016
0.014941692352294922
0.02102494239807129
0.010864973068237305
0.007151126861572266
0.01245570182800293
0.01687908172607422
0.015441417694091797
0.04213714599609375
0.004251003265380859
0.006134986877441406
0.005082130432128906
0.006760358810424805
0.005709648132324219
0.004136800765991211
0.013187408447265625
0.017536401748657227
0.026403188705444336
0.008332490921020508
0.02791309356689453
0.006716728210449219
0.01591634750366211
0.01387643814086914
0.02715277671813965
0.02927565574645996
0.01946234703063965
0.011635303497314453
0.009181976318359375
0.01832103729248047
0.021776914596557617
0.01807427406311035
0.013985395431518555
0.015070915222167969
0.017174720764160156
0.014455318450927734
0.031366825103759766
0.005829334259033203
0.02392268180847168
0.022183895111083984
0.025626182556152344
0.0037736892700195312
0.002866029739379883
0.020960330963134766
0.02072739601135254
0.02194833755493164
0.02553081512451172
0.011263847351074219
0.02284550666809082
0.012782812118530273
0.0194549560546875
0.018029212951660156
0.014275312423706055
0.027634143829345703
0.025233983993530273
0.022935867309570312
0.01316976547241211
0.025885820388793945
0.026073217391967773
0.028416872024536133
0.01440119743347168
0.017363786697387695
0.018324851989746094
0.021466732025146484
0.020980358123779297
0.025482654571533203
0.014900684356689453
0.006277322769165039
0.01499176025390625
0.017162084579467773
0.010096311569213867
0.01865386962890625
0.024075984954833984
0.012427806854248047
0.013201713562011719
0.028276681900024414
0.023945331573486328
0.0279390811920166
0.020039796829223633
0.014148235321044922
0.017546415328979492
0.012925863265991211
0.027018308639526367
0.012696027755737305
0.025925159454345703
0.021000385284423828
0.0038919448852539062
0.03233695030212402
0.024591684341430664
0.015361547470092773
0.014921188354492188
0.02664494514465332
0.015087604522705078
0.012021541595458984
0.012264728546142578
0.01716017723083496
0.0043675899505615234
0.009693145751953125
0.01233816146850586
0.0054798126220703125
0.008452177047729492
0.016303539276123047
0.004700183868408203
0.015516519546508789
0.005408287048339844
0.01544189453125
0.014899730682373047
0.022263288497924805
0.017147302627563477
0.029553651809692383
0.006781101226806641
0.007720947265625
0.016167879104614258
0.015175819396972656
0.02523040771484375
0.014638900756835938
0.018241405487060547
0.018103361129760742
0.023909807205200195
0.016042709350585938
0.028048276901245117
0.016951560974121094
0.02184152603149414
0.024779796600341797
0.016646146774291992
0.02935624122619629
0.02242565155029297
0.029206037521362305
0.017414331436157227
0.021553754806518555
0.005075216293334961
0.00835275650024414
0.01912069320678711
0.019733667373657227
0.014352083206176758
0.010452747344970703
0.029891252517700195
0.01781320571899414
0.01339864730834961
0.01763010025024414
0.005121946334838867
0.0071735382080078125
0.024920225143432617
0.01582789421081543
0.004877805709838867
0.020170927047729492
0.00875401496887207
0.004769086837768555
0.0074253082275390625
0.011126041412353516
0.01251363754272461
0.021863460540771484
0.0065271854400634766
0.023200035095214844
0.010072708129882812
0.016904115676879883
0.019953250885009766
0.03001260757446289
0.004990100860595703
0.0054395198822021484
0.023418426513671875
0.035898685455322266
0.02010345458984375
0.02549600601196289
0.030234098434448242
0.024431705474853516
0.025072574615478516
0.026686906814575195
0.018027544021606445
0.009740591049194336
0.011956214904785156
0.005593776702880859
0.006386756896972656
0.02925276756286621
0.01373147964477539
0.0052793025970458984
0.006050586700439453
0.0055694580078125
0.020679950714111328
0.017440080642700195
0.012864112854003906
0.020514488220214844
0.008305788040161133
0.021448135375976562
0.01657700538635254
0.020278215408325195
0.015066862106323242
0.016256332397460938
0.0074422359466552734
0.029644250869750977
0.014075756072998047
0.006311655044555664
0.028623342514038086
0.021228551864624023
0.00702667236328125
0.019814014434814453
0.029367923736572266
0.027545452117919922
0.026978492736816406
0.012260913848876953
0.026740312576293945
0.0188138484954834
0.011998176574707031
0.01940178871154785
0.015660524368286133
0.025245189666748047
0.01774144172668457
0.01103663444519043
0.01730632781982422
0.011584997177124023
0.016971588134765625
0.013147354125976562
0.013143062591552734
0.021100521087646484
0.022243976593017578
0.021740198135375977
0.012409448623657227
0.027085304260253906
0.020966053009033203
0.02149224281311035
0.006031513214111328
0.017515182495117188
0.04190421104431152
0.023606538772583008
0.0173642635345459
0.018916606903076172
0.019512414932250977
0.02148294448852539
0.018297672271728516
0.03695082664489746
0.01711559295654297
0.008478879928588867
0.006811618804931641
0.02353501319885254
0.016814231872558594
0.016200780868530273
0.031711578369140625
0.02991652488708496
0.027077913284301758
0.01610565185546875
0.02146458625793457
0.02767634391784668
0.024513721466064453
0.024007320404052734
0.025316476821899414
0.019553184509277344
0.0070362091064453125
0.01714348793029785
0.016646146774291992
0.01975083351135254
0.009112834930419922
0.049138784408569336
0.020096778869628906
0.028651952743530273
0.035562753677368164
0.018425703048706055
0.03361153602600098
0.009108543395996094
0.03477931022644043
0.02398371696472168
0.02326369285583496
0.020725727081298828
0.019699573516845703
0.023969650268554688
0.015622615814208984
0.0337221622467041
0.011183977127075195
0.02744603157043457
0.03197479248046875
0.01719522476196289
0.022356033325195312
0.02864217758178711
0.009949922561645508
0.033557891845703125
0.015685558319091797
0.008071184158325195
0.014334678649902344
0.013960838317871094
0.01835775375366211
0.02890801429748535
0.009806156158447266
0.031801462173461914
0.014972686767578125
0.008100509643554688
0.02026224136352539
0.014275789260864258
0.009701728820800781
0.02525639533996582
0.024220705032348633
0.030767202377319336
0.018262147903442383
0.013572931289672852
0.024541616439819336
0.02291107177734375
0.030562877655029297
0.02315807342529297
0.008909463882446289
0.009673833847045898
0.020528078079223633
0.019304752349853516
0.023662090301513672
0.01790165901184082
0.008478879928588867
0.008650779724121094
0.01754593849182129
0.018265485763549805
0.011597871780395508
0.0213468074798584
0.024730920791625977
0.031160831451416016
0.017618894577026367
0.034636497497558594
0.021292448043823242
0.030420303344726562
0.029138803482055664
0.020333528518676758
0.021938323974609375
0.02539992332458496
0.030904054641723633
0.010541677474975586
0.010320901870727539
0.01118016242980957
0.023978233337402344
0.009244441986083984
0.03216075897216797
0.030900955200195312
0.03566694259643555
0.024308204650878906
0.023949146270751953
0.022359371185302734
0.028838634490966797
0.017500638961791992
0.015490293502807617
0.03307390213012695
0.019751787185668945
0.02557516098022461
0.021330595016479492
0.011919498443603516
0.027515888214111328
0.01788187026977539
0.026641368865966797
0.02667689323425293
0.014520645141601562
0.014585733413696289
0.025733232498168945
0.027341365814208984
0.01471853256225586
0.011848926544189453
0.04012703895568848
0.01718735694885254
0.03099513053894043
0.009399175643920898
0.03364062309265137
0.04594993591308594
0.024411916732788086
0.02727961540222168
0.020850419998168945
0.010511636734008789
0.039726972579956055
0.017388343811035156
0.04629659652709961
0.028026103973388672
0.012758493423461914
0.026473045349121094
0.017011404037475586
0.027904510498046875
0.010204792022705078
0.012119293212890625
0.018796682357788086
0.026519298553466797
0.017489910125732422
0.023936033248901367
0.01553964614868164
0.027254343032836914
0.030869007110595703
0.011667013168334961
0.019568443298339844
0.023481130599975586
0.0180056095123291
0.010666370391845703
0.057608842849731445
0.02393174171447754
0.020368576049804688
0.0316014289855957
0.016478538513183594
0.027211904525756836
0.01627826690673828
0.028829336166381836
0.023295879364013672
0.02381587028503418
0.027082204818725586
0.012679815292358398
0.0218503475189209
0.013669729232788086
0.020273208618164062
0.021927595138549805
0.04635739326477051
0.012972354888916016
0.025914430618286133
0.0279996395111084
0.027842283248901367
0.021991491317749023
0.021510839462280273
0.016040802001953125
0.022812843322753906
0.0199587345123291
0.020116090774536133
0.03062129020690918
0.025426149368286133
0.03452777862548828
0.03601694107055664
0.03197813034057617
0.031940460205078125
0.021221637725830078
0.026076316833496094
0.03318381309509277
0.01534271240234375
0.038379669189453125
0.022499799728393555
0.02631831169128418
0.022243022918701172
0.021842479705810547
0.012840032577514648
0.01423335075378418
0.02527165412902832
0.03603506088256836
0.012801885604858398
0.012647628784179688
0.04201626777648926
0.029134750366210938
0.022895097732543945
0.03659653663635254
0.016611814498901367
0.02272343635559082
0.024768352508544922
0.027635574340820312
0.03586840629577637
0.028517723083496094
0.031096458435058594
0.03263425827026367
0.021643877029418945
0.037100791931152344
0.020440101623535156
0.02604365348815918
0.04514575004577637
0.04521584510803223
0.03262019157409668
0.021843433380126953
0.02950906753540039
0.012372016906738281
0.014953136444091797
0.04260730743408203
0.03528141975402832
0.019990921020507812
0.012780427932739258
0.03415942192077637
0.019677400588989258
0.033573150634765625
0.0340733528137207
0.013713359832763672
0.014665365219116211
0.012837886810302734
0.012961864471435547
0.047397613525390625
0.032805681228637695
0.01600027084350586
0.030680179595947266
0.026666879653930664
0.052030086517333984
0.03116893768310547
0.026796579360961914
0.021984338760375977
0.04252791404724121
0.020168542861938477
0.01732492446899414
0.022060394287109375
0.050409793853759766
0.031998634338378906
0.0343935489654541
0.0355229377746582
0.019051074981689453
0.038932085037231445
0.03325319290161133
0.03454756736755371
0.04051089286804199
0.020937204360961914
0.02657008171081543
0.028861522674560547
0.03518247604370117
0.025874853134155273
0.023999691009521484
0.020139217376708984
0.021383285522460938
0.014257669448852539
0.02993154525756836
0.027878522872924805
0.03209972381591797
0.027955293655395508
0.0344240665435791
0.015693187713623047
0.02768683433532715
0.0259091854095459
0.026512861251831055
0.02582693099975586
0.044147491455078125
0.03560590744018555
0.025925159454345703
0.03006267547607422
0.033818721771240234
0.038428544998168945
0.04199647903442383
0.021117687225341797
0.02581644058227539
0.02573561668395996
0.02346014976501465
0.016237974166870117
0.028476715087890625
0.038201332092285156
0.025731563568115234
0.030758380889892578
0.03424692153930664
0.02579522132873535
0.016498327255249023
0.024016141891479492
0.026152849197387695
0.025455474853515625
0.0349886417388916
0.027099609375
0.03589916229248047
0.025417327880859375
0.03849172592163086
0.03697347640991211
0.046959638595581055
0.029637575149536133
0.02720165252685547
0.016883134841918945
0.01781940460205078
0.01610875129699707
0.01846146583557129
0.02925872802734375
0.020705223083496094
0.03955984115600586
0.031317949295043945
0.016304731369018555
0.016321897506713867
0.039131879806518555
0.023740768432617188
0.03725314140319824
0.02564382553100586
0.03503847122192383
0.026929378509521484
0.026970624923706055
0.05049586296081543
0.024509906768798828
0.019197940826416016
0.017722129821777344
0.033300161361694336
0.029564380645751953
0.023654460906982422
0.029333829879760742
0.0274505615234375
0.01794600486755371
0.027640581130981445
0.0263516902923584
0.031691551208496094
0.03151965141296387
0.03991103172302246
0.04715132713317871
0.01955127716064453
0.04002547264099121
0.027589082717895508
0.027349472045898438
0.03847026824951172
0.046172142028808594
0.028172016143798828
0.031032323837280273
0.02068042755126953
0.03195047378540039
0.02284073829650879
0.037624359130859375
0.024625062942504883
0.017224788665771484
0.0180966854095459
0.021791934967041016
0.029975175857543945
0.06292295455932617
0.023937225341796875
0.03719639778137207
0.036914825439453125
0.04123640060424805
0.04135894775390625
0.02634882926940918
0.044167518615722656
0.03876161575317383
0.04254007339477539
0.03560185432434082
0.02949810028076172
0.05086231231689453
0.0360257625579834
0.034198760986328125
0.025880098342895508
0.046363115310668945
0.044246673583984375
0.045516252517700195
0.03595709800720215
0.030248165130615234
0.04934287071228027
0.032399654388427734
0.028991222381591797
0.019356966018676758
0.023166656494140625
0.028315305709838867
0.028029441833496094
0.04604482650756836
0.04569220542907715
0.027741432189941406
0.05069136619567871
0.0380854606628418
0.02769160270690918
0.02788066864013672
0.0420989990234375
0.06847476959228516
0.034685373306274414
0.046713829040527344
0.06395101547241211
0.054758310317993164
0.024259328842163086
0.01987767219543457
0.0660402774810791
0.035582780838012695
0.024564743041992188
0.02278447151184082
0.05322098731994629
0.042433738708496094
0.05326199531555176
0.05016970634460449
0.05142068862915039
0.04912614822387695
0.05168771743774414
0.057492971420288086
0.025003433227539062
0.03615689277648926
0.0457921028137207
0.04589509963989258
0.030745267868041992
0.024419069290161133
0.02990865707397461
0.032740116119384766
0.020708799362182617
0.035848379135131836
0.03260946273803711
0.03502774238586426
0.05594062805175781
0.03338432312011719
0.036720991134643555
0.03631162643432617
0.03749227523803711
0.04258537292480469
0.03819084167480469
0.030843019485473633
0.05083823204040527
0.057105064392089844
0.031134843826293945
0.030655860900878906
0.020818710327148438
0.0306398868560791
0.026627540588378906
0.04306316375732422
0.021649837493896484
0.022449731826782227
0.02318549156188965
0.024063825607299805
0.04550957679748535
0.06022524833679199
0.026308774948120117
0.02508997917175293
0.0384218692779541
0.03672337532043457
0.04809832572937012
0.023219585418701172
0.02890181541442871
0.02349090576171875
0.041548967361450195
0.038866519927978516
0.0355069637298584
0.0285184383392334
0.028358936309814453
0.025922298431396484
0.03791403770446777
0.05461764335632324
0.03957986831665039
0.02730870246887207
0.04340243339538574
0.02605462074279785
0.03287792205810547
0.028829574584960938
0.023248910903930664
0.025239229202270508
0.02489495277404785
0.028761863708496094
0.03891420364379883
0.04454946517944336
0.04601407051086426
0.04228019714355469
0.03173565864562988
0.02975916862487793
0.04793524742126465
0.03132176399230957
0.04389595985412598
0.03630566596984863
0.03883790969848633
0.04991006851196289
0.03381156921386719
0.042200565338134766
0.03986716270446777
0.04131937026977539
0.05838966369628906
0.059230804443359375
0.03884243965148926
0.0291898250579834
0.056989431381225586
0.051456451416015625
0.028890132904052734
0.02681899070739746
0.031751394271850586
0.03466320037841797
0.04224848747253418
0.0525515079498291
0.04738879203796387
0.029732942581176758
0.0392453670501709
0.03796529769897461
0.03698396682739258
0.026513099670410156
0.025496721267700195
0.029887676239013672
0.041159868240356445
0.06614184379577637
0.06151914596557617
0.056786298751831055
0.0480189323425293
0.04691004753112793
0.04662728309631348
0.03873944282531738
0.03161215782165527
0.038948774337768555
0.05336570739746094
0.0324091911315918
0.04169440269470215
0.026366233825683594
0.0485377311706543
0.04721546173095703
0.03299260139465332
0.050058603286743164
0.048186302185058594
0.04623532295227051
0.032003164291381836
0.024970293045043945
0.0358579158782959
0.047426462173461914
0.0399937629699707
0.03223133087158203
0.054047584533691406
0.026921510696411133
0.046121835708618164
0.05396437644958496
0.04563140869140625
0.062337636947631836
0.05104231834411621
0.03802371025085449
0.04239463806152344
0.05251574516296387
0.027235746383666992
0.05270862579345703
0.026540040969848633
0.03546738624572754
0.029356002807617188
0.034586429595947266
0.040810585021972656
0.027123451232910156
0.028707504272460938
0.053464651107788086
0.046630859375
0.0451664924621582
0.04349803924560547
0.047066688537597656
0.06581854820251465
0.05301976203918457
0.04949188232421875
0.02840423583984375
0.03239130973815918
0.02633953094482422
0.027216434478759766
0.05035543441772461
0.03560924530029297
0.033441781997680664
0.04626059532165527
0.06354188919067383
0.03437232971191406
0.04171919822692871
0.04136395454406738
0.04384565353393555
0.05578494071960449
0.042940616607666016
0.029283523559570312
0.04001116752624512
0.04372859001159668
0.05017971992492676
0.04108619689941406
0.03796124458312988
0.043235063552856445
0.04730057716369629
0.05593752861022949
0.05385637283325195
0.030577659606933594
0.04213309288024902
0.04015946388244629
0.053198814392089844
0.05631279945373535
0.0419917106628418
0.04909539222717285
0.05414247512817383
0.045099735260009766
0.029048442840576172
0.030700206756591797
0.03844475746154785
0.04239630699157715
0.05446648597717285
0.05807757377624512
0.058965206146240234
0.04286360740661621
0.06218600273132324
0.04229736328125
0.04652738571166992
0.07906556129455566
0.04319405555725098
0.0352783203125
0.05774044990539551
0.05406594276428223
0.05508065223693848
0.05517172813415527
0.04522252082824707
0.05341076850891113
0.04397082328796387
0.0367887020111084
0.05711984634399414
0.053388357162475586
0.06489229202270508
0.05897068977355957
0.03514552116394043
0.03568840026855469
0.030823707580566406
0.04919695854187012
0.0577089786529541
0.03560996055603027
0.05598592758178711
0.04643368721008301
0.041382789611816406
0.05036330223083496
0.04794645309448242
0.05021977424621582
0.041069746017456055
0.0358126163482666
0.04949164390563965
0.048007965087890625
0.04086589813232422
0.03526020050048828
0.054808855056762695
0.03459930419921875
0.0515744686126709
0.0396575927734375
0.04967951774597168
0.03231382369995117
0.03789162635803223
0.03313803672790527
0.04695296287536621
0.06919360160827637
0.032691001892089844
0.031861305236816406
0.03762555122375488
0.04601764678955078
0.044931888580322266
0.04634213447570801
0.0378115177154541
0.03719758987426758
0.04433584213256836
0.05345916748046875
0.04841804504394531
0.061013221740722656
0.045530080795288086
0.03987884521484375
0.041604042053222656
0.050670623779296875
0.06028151512145996
0.04940366744995117
0.05423450469970703
0.06187558174133301
0.06273841857910156
0.06159400939941406
0.03503155708312988
0.04626893997192383
0.06502819061279297
0.050946712493896484
0.06494975090026855
0.05726885795593262
0.06874299049377441
0.05744433403015137
0.04379081726074219
0.05887293815612793
0.04051518440246582
0.03360557556152344
0.051490068435668945
0.03612947463989258
0.057135581970214844
0.04670143127441406
0.06885409355163574
0.07398819923400879
0.10078883171081543
0.06195783615112305
0.0583348274230957
0.0759572982788086
0.03703784942626953
0.06673264503479004
0.08872175216674805
