0.011402130126953125
0.011115312576293945
0.012812614440917969
0.011416316032409668
0.012372255325317383
0.012411038080851236
0.011300086975097656
0.010793477296829224
0.010118802388509115
0.011026716232299805
0.011128794063221325
0.01319211721420288
0.013136551930354191
0.012849739619663783
0.013743162155151367
0.01444561779499054
0.013995955972110523
0.013347082667880587
0.013510114268252724
0.013902246952056885
0.01355116707938058
0.013411836190657183
0.013008967689845873
0.012841025988260904
0.01242929458618164
0.01264506119948167
0.012316641984162506
0.012832445757729667
0.013032107517637056
0.013247084617614747
0.0134874697654478
0.013941176235675812
0.014237049854162968
0.014405502992517808
0.014604207447596959
0.014341692129770914
0.014452934265136719
0.0143689983769467
0.014780582525791267
0.01504976749420166
0.015542524616892745
0.015707021667843775
0.015789231588674145
0.016158098524267025
0.016296021143595376
0.016241778498110565
0.01660959264065357
0.016756658752759297
0.01663597262635523
0.016807808876037597
0.01684394537233839
0.017177297518803522
0.01709012715321667
0.017130608911867493
0.017337413267655807
0.017309984990528653
0.01712965546992787
0.01688091097206905
0.016679088948136668
0.016444269816080728
0.016611552629314484
0.016682247961721113
0.016700351049029637
0.01680750772356987
0.016884550681480995
0.016739931973544033
0.016889013461212615
0.016920577077304617
0.01691795777583468
0.016763554300580706
0.016970322165690676
0.016854011350207858
0.016788188725301665
0.016738353548823175
0.016934318542480467
0.016863452760796798
0.01678219089260349
0.016836089965624686
0.016766161858281003
0.016716527938842773
0.016863893579553674
0.016779858891556903
0.01670088538204331
0.016641398270924885
0.01662470873664407
0.016466171242469966
0.016461161361343558
0.016735821962356567
0.016922503374935536
0.01697076956431071
0.017018844793131063
0.01697181618731955
0.0169607977713308
0.017001803885114953
0.016980118500558954
0.017022252082824707
0.016958774979581537
0.016858696937561035
0.01681422223948469
0.016814870834350584
0.01680127228840743
0.01704966320711024
0.016925404372724516
0.016821650358346794
0.016709845406668526
0.016615982325571887
0.01651405396862565
0.01639944977230496
0.016369981503267902
0.01638058532368053
0.016470879047840566
0.016398214868136814
0.01650011644954175
0.01641429725446199
0.016409967256628948
0.01638812648838964
0.016480132045908872
0.016588568687438965
0.016612718085280986
0.016571239630381266
0.016510171338546376
0.01652501450210321
0.016567712876854872
0.016579862563840805
0.016559106826782227
0.01654729578230116
0.016552236136489026
0.01653585396707058
0.016650822735572047
0.016567580516521747
0.01662372632791068
0.016665848818692295
0.016733219749049136
0.016636506835026526
0.0165345033009847
0.016567046151441688
0.016597413668667314
0.016636188479437344
0.016700178599186082
0.016661347661699567
0.01670520694543284
0.016677584446651836
0.016697006625729007
0.016706258058547974
0.01668949291623872
0.01676445627865726
0.016822072113452314
0.016863381540453113
0.016838592170868943
0.01689890702565511
0.01695966404794857
0.017035040416215595
0.01701782575619766
0.01702007225581578
0.017028490189583072
0.01705694045775976
0.017081930379199375
0.017135099519657183
0.017121046594103927
0.01705327332019806
0.01704046889121488
0.0170412196053399
0.016998612807572255
0.01700870583697063
0.017051537831624348
0.017023684030555816
0.017000797979845973
0.0170679163365137
0.017108611101229514
0.01717231974882238
0.01718908862063759
0.017171409240988797
0.0171735769062373
0.01714916475887956
0.017205559866768975
0.01717993752522902
0.017229345558726857
0.017250531175163356
0.01717590220147671
0.017260130246480307
0.017300636070209312
0.01728998173724164
0.0172770375111064
0.017327950052593067
0.017315840076755833
0.01728737610642628
0.0172605170285638
0.017259983306235457
0.017191769584776865
0.017152303143551473
0.017127098213315633
0.017066435267527897
0.017021801805249148
0.017018099421078396
0.016954930623372395
0.016947591791347583
0.016889016640367845
0.01688170794284705
0.01687174825812105
0.016898705959320068
0.016899942758664563
0.016962584882679554
0.0169124297907787
0.01686737350389069
0.016863961336089344
0.016855766472307222
0.01689622367637745
0.016885371162341192
0.01689185936485181
0.016897628420875187
0.016930861495682414
0.01692667209877158
0.01697888620582545
0.01697875851782683
0.017001376041146214
0.017037387247438782
0.01703558429594963
0.017092101070859015
0.017116455182637255
0.017171407829631457
0.01717250703147094
0.017192242381808994
0.017137905941950367
0.017098686524799893
0.017107673221164278
0.017119292664316905
0.017107102314281045
0.017077916546871786
0.017133869979058813
0.017136823612710704
0.017120641031306543
0.017122836976215756
0.01707133100779783
0.01702903274796967
0.017062612290078022
0.01705738043380996
0.017005989823160293
0.017019287878725708
0.016984705146885316
0.016933806737264
0.01689435238660124
0.016870516390839883
0.01685258684825505
0.016873123215847326
0.01683089489839515
0.016856785712203358
0.01682931981106036
0.016829621407293504
0.01684216610399116
0.016894847869873046
0.01684741859891975
0.016802149159567698
0.016828300453457436
0.01690338070937029
0.01691593001870548
0.016949445940554142
0.017001137195394197
0.017029937847640165
0.01706099049925344
0.01709801325431237
0.017101574674876715
0.01707347931752678
0.017054022038390883
0.017010612018180615
0.016970521998855303
0.017016695854359103
0.017004391673798865
0.01696064134142292
0.016920083517478743
0.01687804416373924
0.01689207333920187
0.016894088071935317
0.01687932625795022
0.01689259327241104
0.01686136852611195
0.016877987246582474
0.01687690066946973
0.016889135614573527
0.016882604168307398
0.016880367483411516
0.01684677982669708
0.016892160929686633
0.01688220896906229
0.016844988708764736
0.01688631626597622
0.016901498907929535
0.016867091846798354
0.016877324216895633
0.016920544284437768
0.01695718189765667
0.016991619391949316
0.01697541834556893
0.017008745629632838
0.017014885435299
0.016997879642551228
0.017006000956973515
0.01700147073276918
0.017029134219124813
0.0170315165184812
0.017011533578236898
0.017012512961099315
0.016994541054529858
0.016994465302319416
0.016981810331344604
0.016969224273181354
0.016982725243163264
0.01699986286971002
0.01701525356862452
0.01700034805100327
0.017032880167807303
0.017045527025817676
0.017059779320007715
0.017024545242992073
0.01702610778201158
0.017105085887606182
0.017125660105596616
0.017126412797801503
0.017132042339013057
0.01713950432206396
0.017153077572584153
0.01715664328815781
0.01721811590727812
0.017217798498761913
0.017190826527866316
0.01715889050410344
0.01717844916267629
0.017177335348333423
0.01717435804809012
0.017218544128093313
0.017257022857666015
0.01728669322149271
0.017283135867980588
0.017295692776058528
0.017326772569896218
0.017348226148690752
0.017368044881593613
0.017391630733048526
0.017398025862563997
0.017367460031425003
0.0173668012899511
0.017364687933600194
0.017371664967453272
0.017347586745770957
0.017440003018046536
0.017447703817616338
0.01748008603994557
0.01753219747405918
0.017534765018813913
0.017580830265252843
0.01755662373134068
0.017605691214232704
0.01762381060556932
0.017639787609111147
0.01764850495225292
0.01765428261018135
0.017672022406974536
0.017666281772260907
0.01771113060040181
0.017692949114403684
0.01772004101011488
0.017759527856293148
0.01775796900796627
0.017770635851815385
0.01780050272469992
0.017778994285897035
0.017822106027863716
0.017816284371981503
0.017789803121400917
0.017780439640448346
0.017770116393630568
0.017771700321824725
0.017801636649716283
0.01778020104518205
0.017817691048198844
0.017810104370117187
0.01778428097988697
0.017790853819100862
0.017781554706512936
0.01776023590470367
0.017779962640059623
0.01779686747573492
0.01783082123202179
0.01783194741132054
0.01782085622350375
0.017838312743546126
0.017851454606327987
0.017884300660717396
0.01789789285856424
0.017874786357340286
0.017853758273980558
0.017860597966577085
0.01786428203388136
0.01787903472667432
0.01787909214871789
0.01785529414309731
0.01783205041981707
0.0178313297348599
0.017832420579153088
0.01781679514356723
0.01782562017440796
0.017842840375448404
0.017875969706483148
0.017875331802936108
0.01791681983683369
0.017925154721295394
0.01795593094943192
0.017983407294720925
0.017989167395760033
0.01799882303531712
0.018016874499437285
0.01804823016888324
0.018030010380791228
0.01801134425849083
0.01799484381929112
0.018009261625358857
0.01798819234737983
0.018022179317703065
0.018052989786321468
0.01809502785985396
0.018109821137927827
0.018123691268884655
0.0181337284250847
0.018159035531623426
0.018157482709524768
0.018151206970214842
0.018186236771059707
0.018189903165473312
0.018207158440741424
0.018214439178680205
0.018199799781621888
0.018221414835989613
0.01822062885319745
0.01824007628971655
0.018259515960095663
0.018250920854765793
0.018242514461552332
0.018259655692757403
0.018280390190751585
0.01827227661984385
0.018257678096944636
0.01830726848437943
0.01830473474787371
0.0183333812395014
0.01831325915482667
0.018347702669293694
0.018409591084638518
0.018423019106222745
0.018442788294383457
0.018448150503077857
0.01843051380581326
0.018477734335245948
0.018475324179218933
0.01853673979146591
0.018557641474686006
0.018544896094353645
0.01856228238657901
0.018558888779688195
0.018579294067282863
0.01856104896478923
0.01854704514793728
0.018547586660323072
0.01856484144797057
0.018562519782047808
0.018574100630036717
0.01856757492147466
0.018586216054760848
0.018612517534537795
0.01859767671324249
0.01859974657802948
0.018610132501480428
0.01860884901318074
0.01859202172796605
0.018674509721880988
0.018685600928616423
0.018689144034134714
0.018716270683192406
0.018711579420781485
0.01872936252769566
0.018724245417839798
0.018745297690232594
0.018754758358993054
0.01876525859120476
0.018782477941572295
0.01876986913444582
0.01877622063626948
0.018765713452311702
0.01876880892493152
0.01877528184750041
0.018831686983323048
0.018819729162722218
0.018834178656521736
0.01885280764199854
0.018871041872438505
0.018877358571720508
0.018882678735135782
0.018876949144947912
0.01888486844912861
0.018887024806685238
0.018889487864737042
0.018912951469421388
0.0189259518644291
0.01895703120060651
0.018990947522415556
0.01901671574229286
0.019042307315486492
0.019046614292582035
0.019060479583589755
0.019088281421210822
0.019080922739444874
0.019118763418758615
0.01912537992817082
0.01913942862302065
0.01914547851443523
0.019150725598465142
0.01913847182560893
0.019128965777020123
0.019140847185824778
0.019173461497980656
0.01916118485849487
0.019148658789121187
0.01919255055301249
0.01921159691280789
0.019218639935407768
0.019251803860409568
0.01924677530924479
0.019253384931005906
0.019263849765118884
0.019279705304088013
0.019311063907096877
0.019328434962146687
0.019350596964920534
0.01937556625308847
0.019379821995633182
0.019413007332591083
0.019414927135004062
0.019427294161782335
0.01947518700327953
0.01952303209269357
0.019547331089876135
0.01955158313115438
0.01956998883245613
0.01955670844144927
0.019548230408304963
0.019590618417543525
0.019619408878711386
0.019620089303879512
0.019607585352561154
0.01963413979885352
0.019634218598106955
0.019659562110900877
0.019685721440670063
0.019674901945003563
0.019665843108247892
0.019653518277385176
0.01964146124350058
0.019691382380698223
0.019714926902866876
0.01970826981315476
0.019727897558741152
0.019740288598196848
0.01979784617024522
0.0198180794291649
0.019830474633306637
0.019834293541333353
0.01987445924134381
0.019874978823712353
0.019870481373351297
0.019874336853833267
0.01992800198037092
0.019949178528367428
0.01997447514909788
0.02000165777606564
0.01999999881830931
0.020032981546913704
0.02005597321883492
0.020081132236454222
0.02011653910063375
0.020117958936724283
0.020129102499373837
0.020144158396227605
0.020170041903366114
0.020179843984518674
0.020186396037734804
0.020186315252356334
0.020188361355382153
0.020178240720729372
0.020194856231013594
0.020207923691288956
0.020228113504743333
0.020241210420252915
0.02026520848475939
0.020257485476700036
0.02027001388961509
0.02027950744436245
0.02028998366924895
0.020299273849333693
0.020339220612492395
0.020364750189127333
0.0203740330092696
0.020390180746714275
0.0204125244089847
0.020442451353485006
0.020478196009672302
0.020479254769963144
0.02048807656469424
0.020496735871821742
0.02050161793754364
0.0204946053655524
0.020507712278068555
0.020536718212190223
0.02054522041408208
0.02056190858479419
0.020584233238879854
0.020592720190166263
0.020586062640678592
0.020591630951150672
0.020600644270836632
0.020608499983753588
0.02063173123053087
0.02064216329205421
0.02066673172844781
0.020674369342840754
0.02070296863108921
0.020729043162786044
0.020771012115478514
0.02078517595419107
0.020795409569139497
0.020789179832312713
0.020784458409053155
0.02077703665173243
0.0207733669673962
0.020786793171604978
0.020786664308906543
0.020816274997939824
0.020832813067699043
0.02082569344238665
0.02081862311909674
0.020847327283183607
0.02085185536009978
0.020877482369542122
0.020884918162305716
0.02090696419510886
0.020916330313793793
0.020925731392380614
0.020971576557602994
0.020977053848951592
0.020974304060663286
0.020969285273257598
0.02098828508233069
0.021001479075505182
0.021005554316413752
0.02101832774519189
0.021028178026628715
0.021023465223633186
0.021033567690667304
0.0210416745848772
0.02105788444275181
0.02107378378465183
0.021102368379398977
0.021141836498722887
0.021139430206229576
0.02116795897123677
0.02117764392409749
0.021186938845967673
0.021212928814995556
0.021250405111112394
0.021260782339047456
0.021275410395182534
0.02127452103368192
0.021290455291520304
0.02129276569838318
0.021317068664800553
0.021321983960904126
0.021315905036133898
0.021311135821872287
0.021311847063211296
0.02132464370840233
0.021385998149185407
0.02138975547936598
0.021413000541574814
0.021435763867416045
0.021464797059112282
0.021493924658958247
0.021501022472716215
0.021534112248107466
0.021559225226977823
0.021589765035082333
0.021610131443933
0.021621579874755683
0.02166395774786023
0.021684741835863303
0.02170282567856629
0.021708853489048725
0.02174437836199054
0.021776755765187655
0.021810864237533218
0.02183116012529458
0.02184321887172054
0.021882560290662687
0.021897584710802352
0.021907704022743564
0.021904070492823238
0.021905866489980164
0.021914970807053825
0.02192364381560197
0.021957809796752065
0.021991380370489443
0.02199950191260731
0.022039969986349304
0.02206256926899225
0.022070486334305774
0.02207864670271284
0.02210672573822578
0.022171666976116618
0.022189168663291663
0.022223420982254286
0.022281618464109455
0.022326850625465838
0.022329538355948034
0.022326132986280653
0.02238676286768814
0.022405039900888036
0.022408027042162038
0.02240854699308701
0.02245104691077923
0.022478571279646607
0.022520914366353492
0.022558893476213728
0.022598484416066864
0.022634823681557014
0.022674567722263155
0.02272213384753368
0.02272524612499617
0.02274354537111537
0.022774903952669935
0.022806317262027576
0.02281708924385392
0.02281925994852371
0.022828853178734062
0.02284224677730251
0.022839367630993306
0.022856899991511012
0.02287002591714564
0.022886366933904667
0.02293073506963333
0.02294474792224792
0.02296319001490173
0.022981035518136253
0.02300040966996523
0.023026522954305014
0.023046715123040698
0.023057082549054572
0.023093976505882394
0.023139084049498056
0.023149674459798448
0.023159603277842205
0.02315651094897735
0.02316638347655928
0.0231709436308568
0.023197117604707416
0.02319508438511371
0.02319410623215002
0.023194094941625432
0.02319523333254909
0.023224402408973843
0.023272706385380915
0.02327666475378084
0.023279025840262573
0.023298717444212757
0.023316152064831227
0.023348294961931797
0.023348128239725537
0.02335531282856733
0.023355488013235483
0.023378963470458983
0.02339892166177022
0.023414504727494918
0.023421065053474015
0.023427403784226697
0.023430602367107686
0.0234491470986536
0.023489004510747806
0.023509554783807708
0.02351440063544682
0.02353973570902636
0.02354293530830597
0.023554796790834304
0.023561490671283703
0.023561094499208478
0.023563218720351595
0.023564902328510502
0.023571464148434727
0.023590811865326737
0.023617208154135448
0.023645380308043282
0.023668790881957242
0.023678912422438636
0.023686531791113373
0.023716880621689283
0.02372638672590256
0.02375156721669934
0.023767220706416483
0.023785988687726658
0.023818481324323966
0.023830895098099797
0.023853686252243763
0.02387352946965668
0.023895120856785537
0.02393775935226082
0.023981331012867115
0.02399965543782226
0.02400604727232985
0.02404661724048347
0.024080290255441127
0.024086191902862736
0.02408954092100555
0.024098918954482716
0.02411183372394963
0.024133978600321526
0.024168634123918488
0.024196916898478835
0.02420365172291034
0.024221928412250876
0.024238607258472628
0.024254056179162226
0.024256791098643156
0.02425829040960937
0.024265089184765654
0.02428546889412101
0.024335898261472404
0.024380643445231855
0.024419592550167672
0.02444792309013449
0.024474856093061343
0.024501385945759846
0.024518417114276065
0.024526892312253818
0.024544102195339156
0.02457845452573501
0.024587776831218173
0.02460811764675145
0.024610205670716926
0.024638589449483165
0.024665339298157896
0.024675194046201086
0.02470519807603624
0.02473292074912836
0.024758277355499986
0.024766810791231296
0.024767050182118135
0.02478008292676699
0.024806663184098795
0.024824467521479654
0.02483314066357579
0.024867309603774757
0.02486970937140634
0.024894507651846497
0.024928388617811225
0.024952489921738576
0.024995961022931477
0.0250262123090188
0.025041290612895638
0.025061398779116527
0.025093174642986722
0.02509565160453664
0.025127537256025
0.025129166441392733
0.02514107683287238
0.025145927150449762
0.025156778302685968
0.025174750526244277
0.025176985274761095
0.025181029397324323
0.02521339052056284
0.025237867627825056
0.025260617199553748
0.025281412435638185
0.025306224822998047
0.025352313928094197
0.02538375421003862
0.02541111871414098
0.02541451227097284
0.025422413513857538
0.02542345097701474
0.02542547694707321
0.025453614596588618
0.0254650640111362
0.025474046801661585
0.025497428746003536
0.025540175330772828
0.025550087961952562
0.025568214767182355
0.02558590316558872
0.025606327942287094
0.025640047062708678
0.02565935573407582
0.02566339605495151
0.025679373528750278
0.025699450521500942
0.025726650820838082
0.025743698041790997
0.025757242993610662
0.025776598276622008
0.025800407987780275
0.025833708673550938
0.02586463876644244
0.025869835040797998
0.025887746117713693
0.025903446577300857
0.025933441486987438
0.025966788751495395
0.025984359937801696
0.026009673226179978
0.026040453096969906
0.026061282913541532
0.026064544005164933
0.02606959925353072
0.02608307981802747
0.026100830881328398
0.026131663115128226
0.02616634922876679
0.026201922826291166
0.026219974488891733
0.026258898761881377
0.026276237642442857
0.026298107132798395
0.026355029952821865
0.026373175454550778
0.026382761186367728
0.026416479131226897
0.02644617780322803
0.026476901488242742
0.026507656929449508
0.02652769425696428
0.02655644620803588
0.026575051311753754
0.026585951686032682
0.026618503812533705
0.026647012708540033
0.02668769917589553
0.02672200628598869
0.026730948446156366
0.026740447334621265
0.026744772822169933
0.026768531748857446
0.02680123835235015
0.02681054006534242
0.02684131579057074
0.026861961071307842
0.026877246153982064
0.02690194232230683
0.02692404790084903
0.026948492524506287
0.02696329467701462
0.026972560982429544
0.026996116508499847
0.02701807246312826
0.02703252739597711
0.027041106825700267
0.02707003156344096
0.027077866394487553
0.0271033306379576
0.027116367254920715
0.027139773012691513
0.027145134723248258
0.027156259455789443
0.027162445368170123
0.027182890117661028
0.027226244825081684
0.027231878595253854
0.027236646284895014
0.027247334458700423
0.027266625632730076
0.02728476245300481
0.027304308475592197
0.027315074058829762
0.027325189223431027
0.027342582529064092
0.027369259326767263
0.027390737679539895
0.027425011363598185
0.02744344829784634
0.02745609875249232
0.0274704767436516
0.027494030192418754
0.027527283219730154
0.027549447742759758
0.027576456909720232
0.02761113752127899
0.0276466196233576
0.02768087531435261
0.02768828527581307
0.027706996911962226
0.027744543384498273
0.02776786214742229
0.027805193361029566
0.02783474568258915
0.02787573590785086
0.027905334104169476
0.02792121958732605
0.02795214038509708
0.02796467835317829
0.027970302378311232
0.02799372844012135
0.028001823709971868
0.02803078370824249
0.028049324569777913
0.0280898054913869
0.028135294484194252
0.028207228679468135
0.028240612069647814
0.028270349436597862
0.02831742441077576
0.028326024435445872
0.028363863470519116
0.028423270841283124
