1895899
4114374
4631497
5149843
2971862
3863106
4812738
2247124
2715590
4004567
2843698
3363308
4655774
4147436
4665775
5179982
2131365
3061768
3504583
3901784
4308263
1723832
2286109
2738311
4027973
5030857
5216191
2655066
4341629
4869611
1780046
2320850
2765580
3271495
3702756
2532854
3822800
4216202
4754867
1409606
5252699
3580626
3946623
4367380
4899721
3313330
4091074
1214784
2053491
4786620
1478714
4409703
4928140
2813217
3345066
4633575
5156481
1242408
4278487
4815501
2722045
4010469
4447166
2470674
3801427
5185638
3065019
3513747
2294338
3681574
2504405
3398697
3815975
5221569
2658101
3099731
3924591
3283390
3433135
3827601
4222683
2199909
3593454
3956393
4906361
5125587
1221686
2944945
4801657
5281678
2703347
3177417
3981617
4934554
2824585
3349837
3781235
5157788
4285784
4822258
3667055
4016244
4454266
4984817
2255596
2730376
3227340
3667115
3377776
4693339
5191559
2630203
3529000
2744996
3688121
4038305
5042921
3816804
4738417
5233011
4352262
4875546
3294183
4083370
4570513
5091907
2926073
3831025
5262175
3144175
3958831
4916205
3323341
3760039
4103900
4621724
1225130
2064374
2952904
3856905
4259730
2705651
3988745
4943813
1684534
3356816
4130322
4645889
2613008
3026509
3883298
4828728
3046449
3491896
4837280
1560096
1722117
2733981
3667374
2486578
3382047
3806745
4166656
1320813
2633803
3908654
4328774
2304905
2752144
4529971
2524884
3118172
3568281
4361834
4886784
1840410
2343102
2786693
3300175
4576204
5104967
2932454
3438667
4240910
4782180
2691297
3966811
4399189
4924449
2380231
3328199
4108583
4627103
5142961
2596649
3460466
3861083
4264994
4811427
3657355
3997171
921237
1947142
3362194
3789045
4650395
5169937
2121463
2621003
3058852
3497008
3899224
4305594
1723529
3672629
4026212
4481399
5022575
3810453
4177680
4710739
5213883
2645897
3540363
3270343
3702454
4533388
3419790
3821020
4211074
1406710
5249094
2670634
3121834
3579550
3944341
4364533
4895922
2349536
3306978
4089455
4591473
5111252
2932717
1472291
5275404
2693322
3974967
3776480
4115254
4632439
5153572
1239944
2074664
2976546
3462946
1513870
3665664
4438207
4963322
2455584
3366025
3794701
4143463
4656761
5173429
2468229
3796614
4149899
4673794
5185451
2132427
3512788
4310353
3681465
4028683
2889980
3396960
3815116
3543658
4871328
1614790
3702784
1176225
2537443
2919175
3825066
4755874
5255501
3131817
4372048
1648788
2355982
2794379
3746972
3846783
4249148
5279357
2700371
3635830
3979284
4412040
4928218
1677193
1926526
2394810
2815581
3778853
2607407
4282782
4818892
3217739
3666989
4451966
4981253
3223142
4017239
4455572
4991703
3375105
3802691
4155459
2142449
3068879
3526551
4320775
4856828
1586350
3685680
4036640
4510767
5040030
2512185
2897855
3400245
5224739
2176328
3926799
2335712
2774594
3714422
4080987
4565056
5084531
2029797
3434846
4225075
4759857
2201414
2683728
3956706
4379393
3317198
3756003
4615639
2575231
3450213
3853848
5283251
3183936
3982982
4940117
3783755
4127622
4641203
5158024
4287350
4824200
1537516
2258547
3229333
3667217
4021008
4466349
5008148
2482706
3804562
4698344
2633038
4327123
4863545
1592661
1732232
3689446
4040822
4526616
5045607
3817354
5237186
3564873
3936833
4357602
2341536
3721444
4085306
4572452
2549214
2929743
2208346
2689205
3147777
3612965
3963316
1658459
2376554
2806071
4105801
4261867
4808233
2707847
4428326
4945483
1943466
2439687
3360197
3786762
4135779
4648251
2615430
3042046
3487919
4290323
1551362
3493876
3891834
4300856
4837557
2269823
3667609
4025348
5016034
3385866
3808598
4171168
2640602
3088872
3538217
1751664
3697834
4050590
5050687
2010938
2527308
3820308
4747624
5243526
3573212
3941365
2347120
4088335
2932515
3160822
3620677
3968488
3336658
3770216
4112642
2596896
4266015
1690654
2246950
2714366
4433743
4951806
2842413
3363099
4140328
5170424
4145900
4664979
5177574
2282633
3243067
4027375
5029673
3390014
3811166
4180840
5216087
2651256
3916367
2765558
3270880
3702753
4540036
3423758
3822544
4750720
2671862
3580388
4899423
3741483
5114482
2559615
3446699
4785917
2225607
3170663
870733
4928046
2389650
3343826
3777770
5155773
2987933
3467009
3868263
4275417
1516677
2721700
3211411
3666901
4975819
2459900
3370232
3801128
4678364
3064584
3513323
4317352
4855878
1726784
2741265
3681526
4031480
4507389
2502877
3099673
4346083
4871994
2328739
5078192
2539425
2921805
4220124
4756783
5257691
2198841
3592244
3954980
4376424
4905565
2359494
3751347
4607513
2943425
3449639
3848611
4801557
2703018
1930901
2402883
3780736
5157776
1252639
2609493
3473873
3872757
4821950
2253395
3667043
4453180
1719724
2255492
3227114
3667114
4463383
4160691
5191006
2629000
2744647
3258113
4038201
5042393
2901468
3816740
5229894
3558182
2779098
4082237
4570083
5091779
4767109
5261821
2203022
2370622
2802242
3320242
3758771
4618230
1225001
4258757
2705577
4420670
1940876
2828941
4130174
5160835
2093028
2612672
3026402
3482855
3882480
4827782
