1940906
1907240
758124	
916961	
1256312
376593	
1685439
670822	
2086942
4814472
1601400
1673554
1111412
2780895
2624632
2952654
1732062
2336015
771410	
1831723
2252698
2915473
1732063
906336	
907527	
2144895
1973405
2891289
655687	
1799419
2843858
1583249
2692503
375520	
1510134
2115406
791560	
3324593
3436121
2546037
3456025
3550868
2705852
980656	
878332	
1732088
2496337
4261209
381190	
2672713
2925331
1229572
379866	
1674259
1951762
1642270
1966679
724759	
3012223
2602857
2214828
886616	
2177468
1546302
1587273
1218467
2142753
2729694
2142636
2035059
1468870
2312501
785925	
1179233
2736323
4413994
903470	
734649	
2231186
866455	
2145930
1618195
3300351
1895646
655742	
1621420
2619046
1221697
3361006
666592	
2057431
2145123
614876	
2850504
590817	
1203181
1088451
1236562
3189904
2130492