2052609
5282614
4759838
3027188
3252251
4002987
4094626
3172471
3914917
3615945
2025374
3162051
3384400
4646158
2188291
3177681
2043633
3344715
2343298
3364806
3120001
4554629
3984590
2133654
3722712
3967033
3102319
4880413
3182040
3579426
2334225
4080862
4658302
2554168
2991985
3200346
3910739
3946053
4080929
2743649
4093742
3856298
4093694
4886453
3819857
2277432
2458134
3851376
3103080
3358700
3561417
4067232
4609210
3995300
2560938
4013792
4667614
3122177
3926557
5098727
3618427
2960987
3626409
4417742
3820318
3112498
4192308
4079193
4328704
3140638
3225871
3189891
4810969
3939968
3819355
5142024
2748149
4067082
1957058
3315517
4653717
2911886
4369349
2296772
4019776
5147785
2562233
4859009
3634223
3872921
4093786
3767131
3525309
5004435
3373495
4411869
2525950
2765639
4064275
4018732
3222079
2551213
5219907
4283623
4067992
4249831
2829454
3998209
4472991
3799202
2341151
4477331
4339774
3649419
4732422
2679598
4332074
4346881
4021363
4925242
5019197
4256441
4055872
3503919
4502799
4799228
3250342
2745434
3951701
4813989
4286236
3694914
3410192
4599167
4321834
4140437
2561120
4452990
4452939
3635208
4360850
4978732
5079409
4802358
4764132
5089957
4397000
2083918
3711476
3094206
4152871
4401283
3684262
4595966
2640850
3062478
5090321
3305736
4384300
3762499
5011725
4382364
2230447
3940656
3862901
4651079
4531001
2217125
2329599
3663619
3822082
4641667
2630809
4574951
3937083
4067465
3487854
4432852
4598440
2833457
3199292
4318957
2406783
3993096
4129449
3343028
4787789
4224554
5193672
4539907
2163725
4252585
3942200
4688035
3521545
2890659
4493597
2495653
3995693
3362751
4234554
3399232
2193436
4887471
4428973
4331132
4467410
3783802
3988177
4753598
2953157
4124921
4770079
5177617
3886323
4834282
4324100
2874543
4343896
4480939
2495222
4761484
4145437
3304627
3682285
3437669
4709163
4313461
3530399
4613672
3841722
4624716
2994043
4172644
3370644
4373818
4641877
4833809
3503371
4437277
2857125
4093774
3538332
3994022
4760488
2962345
4530706
5213573
3396274
2743131
4067070
4427152
4691006
4099022
4351742
4499080
4621486
2992017
3308476
3874710
4032488
4241461
