10	1.0
100	1.0
1000	1.0
10000	4.0
20000	6.0
30000	12.0
40000	14.0
50000	16.0
60000	19.0
70000	21.0
80000	24.0
90000	41.0
100000	30.0
110000	33.0
120000	36.0
130000	39.0
140000	43.0
150000	45.0
160000	49.0
170000	52.0
180000	55.0
190000	59.0
200000	62.0
210000	64.0
220000	68.0
230000	77.0
240000	74.0
250000	78.0
260000	80.0
270000	84.0
280000	87.0
290000	90.0
300000	93.0
310000	96.0
320000	101.0
330000	105.0
340000	109.0
350000	108.0
360000	115.0
370000	115.0
380000	118.0
390000	124.0
400000	125.0
410000	128.0
420000	132.0
430000	135.0
440000	150.0
450000	143.0
460000	144.0
470000	147.0
480000	153.0
490000	157.0
500000	156.0
510000	161.0
520000	164.0
530000	166.0
540000	171.0
550000	190.0
560000	177.0
570000	180.0
580000	183.0
590000	186.0
600000	197.0
610000	193.0
620000	196.0
630000	202.0
640000	203.0
650000	204.0
660000	208.0
670000	211.0
680000	215.0
690000	219.0
700000	227.0
710000	224.0
720000	228.0
730000	232.0
740000	239.0
750000	238.0
760000	245.0
770000	245.0
780000	247.0
790000	251.0
800000	255.0
810000	257.0
820000	264.0
830000	264.0
840000	265.0
850000	284.0
860000	272.0
870000	276.0
880000	282.0
890000	283.0
900000	285.0
910000	293.0
920000	292.0
930000	311.0
940000	298.0
950000	302.0
960000	305.0
970000	320.0
980000	346.0
990000	370.0
1000000	376.0
