10	1.0
100	1.0
1000	2.0
10000	5.0
20000	9.0
30000	12.0
40000	12.0
50000	16.0
60000	18.0
70000	21.0
80000	25.0
90000	27.0
100000	30.0
110000	33.0
120000	36.0
130000	39.0
140000	42.0
150000	45.0
160000	49.0
170000	52.0
180000	55.0
190000	59.0
200000	62.0
210000	68.0
220000	73.0
230000	71.0
240000	74.0
250000	77.0
260000	84.0
270000	84.0
280000	89.0
290000	93.0
300000	94.0
310000	96.0
320000	100.0
330000	104.0
340000	106.0
350000	119.0
360000	114.0
370000	115.0
380000	119.0
390000	123.0
400000	128.0
410000	131.0
420000	132.0
430000	134.0
440000	138.0
450000	139.0
460000	144.0
470000	147.0
480000	150.0
490000	161.0
500000	156.0
510000	172.0
520000	164.0
530000	166.0
540000	170.0
550000	173.0
560000	185.0
570000	180.0
580000	187.0
590000	184.0
600000	194.0
610000	192.0
620000	196.0
630000	197.0
640000	201.0
650000	207.0
660000	209.0
670000	216.0
680000	216.0
690000	218.0
700000	223.0
710000	225.0
720000	227.0
730000	232.0
740000	238.0
750000	237.0
760000	241.0
770000	243.0
780000	249.0
790000	249.0
800000	256.0
810000	258.0
820000	268.0
830000	263.0
840000	265.0
850000	271.0
860000	276.0
870000	276.0
880000	282.0
890000	285.0
900000	286.0
910000	301.0
920000	291.0
930000	295.0
940000	297.0
950000	302.0
960000	307.0
970000	309.0
980000	312.0
990000	313.0
1000000	318.0
