10	1.0
100	1.0
1000	1.0
10000	6.0
20000	11.0
30000	17.0
40000	14.0
50000	18.0
60000	33.0
70000	38.0
80000	46.0
90000	52.0
100000	54.0
110000	67.0
120000	66.0
130000	73.0
140000	81.0
150000	86.0
160000	97.0
170000	98.0
180000	62.0
190000	66.0
200000	72.0
210000	121.0
220000	124.0
230000	79.0
240000	86.0
250000	95.0
260000	150.0
270000	149.0
280000	100.0
290000	108.0
300000	119.0
310000	115.0
320000	196.0
330000	204.0
340000	176.0
350000	136.0
360000	195.0
370000	136.0
380000	232.0
390000	142.0
400000	146.0
410000	168.0
420000	157.0
430000	168.0
440000	183.0
450000	168.0
460000	180.0
470000	173.0
480000	181.0
490000	180.0
500000	234.0
510000	208.0
520000	199.0
530000	195.0
540000	206.0
550000	204.0
560000	210.0
570000	212.0
580000	217.0
590000	215.0
600000	215.0
610000	230.0
620000	236.0
630000	244.0
640000	243.0
650000	241.0
660000	344.0
670000	248.0
680000	247.0
690000	255.0
700000	278.0
710000	331.0
720000	267.0
730000	263.0
740000	271.0
750000	275.0
760000	322.0
770000	281.0
780000	504.0
790000	493.0
800000	497.0
810000	303.0
820000	292.0
830000	298.0
840000	302.0
850000	314.0
860000	311.0
870000	310.0
880000	317.0
890000	323.0
900000	327.0
910000	329.0
920000	341.0
930000	338.0
940000	338.0
950000	345.0
960000	351.0
970000	354.0
980000	342.0
990000	351.0
1000000	357.0
