4632.0
4837.0
4970.0
5087.0
4721.0
4889.0
4929.0
4710.0
5041.0
5087.0
4829.0
5001.0
4914.0
4713.0
4636.0
5092.0
5079.0
4847.0
4872.0
4896.0
5195.0
5019.0
4702.0
4890.0
4900.0
4767.0
4747.0
5074.0
4884.0
5094.0
4880.0
5158.0
4808.0
4786.0
4853.0
4977.0
4756.0
5212.0
4845.0
4819.0
4981.0
5048.0
4745.0
5060.0
4872.0
4928.0
4864.0
5024.0
5087.0
4860.0
4959.0
4894.0
4996.0
4688.0
5057.0
5036.0
4879.0
5020.0
4708.0
4875.0
4649.0
5076.0
5059.0
5027.0
4736.0
5164.0
4861.0
4725.0
4977.0
4672.0
4924.0
4723.0
4919.0
5003.0
4792.0
5147.0
5134.0
4875.0
4924.0
4992.0
4828.0
4953.0
5065.0
4707.0
4721.0
5139.0
5154.0
4950.0
5067.0
4988.0
5084.0
4865.0
4889.0
5153.0
4741.0
5032.0
4946.0
5021.0
4595.0
5146.0
