1654.0
1700.0
1644.0
1661.0
1655.0
1518.0
1763.0
1675.0
1611.0
1705.0
1667.0
1668.0
1681.0
1558.0
1646.0
1568.0
1647.0
1542.0
1558.0
1527.0
1558.0
1537.0
1675.0
1537.0
1622.0
1665.0
1540.0
1614.0
1622.0
1641.0
1634.0
1685.0
1609.0
1618.0
1687.0
1636.0
1650.0
1589.0
1624.0
1586.0
1629.0
1754.0
1655.0
1605.0
1569.0
1715.0
1626.0
1544.0
1719.0
1614.0
1633.0
1605.0
1780.0
1634.0
1735.0
1755.0
1594.0
1595.0
1675.0
1620.0
1567.0
1835.0
1697.0
1639.0
1567.0
1676.0
1580.0
1715.0
1777.0
1649.0
1609.0
1628.0
1639.0
1545.0
1530.0
1681.0
1690.0
1626.0
1772.0
1707.0
1819.0
1644.0
1550.0
1652.0
1720.0
1595.0
1692.0
1570.0
1673.0
1595.0
1631.0
1654.0
1642.0
1601.0
1607.0
1609.0
1738.0
1581.0
1713.0
1590.0
