3616.0
3675.0
3801.0
3646.0
3686.0
3577.0
3861.0
3754.0
3748.0
3969.0
3869.0
3817.0
3885.0
3509.0
3502.0
3834.0
3602.0
3572.0
3850.0
3803.0
3449.0
3524.0
3520.0
3690.0
3863.0
3629.0
3571.0
3625.0
3767.0
3930.0
3936.0
3728.0
3684.0
3579.0
3814.0
3530.0
3652.0
3584.0
4013.0
3788.0
3658.0
3552.0
3836.0
3419.0
3592.0
3449.0
3741.0
3708.0
3511.0
3853.0
3427.0
3731.0
3593.0
3544.0
3859.0
3443.0
3465.0
3599.0
3412.0
3739.0
3620.0
3875.0
3571.0
3627.0
3540.0
3711.0
3705.0
3728.0
3847.0
3534.0
3471.0
3829.0
3528.0
3521.0
3521.0
3679.0
3759.0
3567.0
3445.0
3714.0
3639.0
3456.0
3612.0
3697.0
3644.0
3713.0
3651.0
3700.0
3514.0
3558.0
3723.0
3480.0
3670.0
3703.0
3513.0
3459.0
3583.0
3574.0
3737.0
3727.0
