846.0
823.0
814.0
890.0
856.0
866.0
904.0
939.0
894.0
982.0
965.0
974.0
914.0
1095.0
936.0
894.0
884.0
920.0
981.0
981.0
907.0
934.0
963.0
939.0
944.0
922.0
906.0
927.0
923.0
964.0
899.0
934.0
1099.0
988.0
882.0
974.0
966.0
914.0
876.0
883.0
883.0
922.0
848.0
859.0
923.0
853.0
897.0
863.0
904.0
858.0
941.0
949.0
927.0
943.0
939.0
1074.0
873.0
927.0
1147.0
928.0
855.0
877.0
899.0
889.0
951.0
942.0
896.0
981.0
940.0
846.0
938.0
936.0
881.0
952.0
864.0
901.0
927.0
880.0
845.0
861.0
876.0
926.0
952.0
895.0
925.0
1002.9999999999999
931.0
917.0
833.0
858.0
916.0
907.0
917.0
1048.0
844.0
973.0
864.0
993.0
932.0
912.0
