8784.0
8918.0
8881.0
8599.0
8760.0
9294.0
9221.0
8590.0
8600.0
8589.0
8906.0
8526.0
8890.0
9536.0
8785.0
9017.0
8656.0
8675.0
8645.0
8564.0
8660.0
8905.0
8414.0
8439.0
8659.0
8440.0
8466.0
8405.0
8895.0
8457.0
8675.0
8661.0
9094.0
9026.0
8993.0
8965.0
8679.0
8804.0
8692.0
8960.0
8820.0
8511.0
8731.0
8847.0
9032.0
8666.0
8660.0
8834.0
9114.0
8679.0
8700.0
8652.0
8618.0
9215.0
8791.0
8550.0
8839.0
9076.0
8633.0
8531.0
8851.0
8465.0
8752.0
8628.0
8848.0
8669.0
8814.0
8739.0
8851.0
8842.0
8580.0
9055.0
8994.0
9050.0
8940.0
8516.0
9334.0
8715.0
8998.0
9069.0
9539.0
8884.0
9014.0
8959.0
9069.0
8985.0
8450.0
9018.0
9244.0
8698.0
8892.0
8847.0
9180.0
9113.0
8976.0
8549.0
9026.0
8660.0
8708.0
9024.0
