6208.0
6480.0
6484.0
6350.0
6322.0
6503.0
6569.0
6591.0
6609.0
6555.0
6385.0
6224.0
6342.0
6324.0
6547.0
6430.0
6560.0
6440.0
6664.0
6275.0
6193.0
6591.0
6632.0
6345.0
6577.0
6168.0
6611.0
6222.0
6399.0
6186.0
6655.0
6434.0
6677.0
6211.0
6121.0
6298.0
6585.0
6340.0
6537.0
6366.0
6372.0
6343.0
6672.0
6641.0
6264.0
6225.0
6063.0
6373.0
6490.0
6140.0
6531.0
6151.0
6733.0
6291.0
6363.0
6718.0
6277.0
6414.0
6392.0
6525.0
6482.0
6301.0
6211.0
6227.0
6335.0
6527.0
6874.0
6767.0
6707.0
6646.0
6204.0
6712.0
6189.0
6399.0
6324.0
6619.0
6363.0
6512.0
6626.0
6126.0
6427.0
6792.0
6465.0
6454.0
6392.0
6325.0
6102.0
6140.0
6697.0
6242.0
6631.0
6155.0
6603.0
6662.0
6296.0
6553.0
6179.0
6588.0
6468.0
6118.0
