7817.0
8193.0
8158.0
8338.0
8237.0
7793.0
8007.0
8210.0
7751.0
8349.0
8050.000000000001
8135.0
8211.0
8226.0
8467.0
8134.0
8342.0
7688.0
8047.000000000001
8614.0
7819.0
8400.0
8035.0
8334.0
7938.0
8461.0
8328.0
8215.0
8320.0
7703.0
8084.0
7987.0
8242.0
8043.0
7703.0
8498.0
8375.0
8021.000000000001
8183.0
8293.0
7669.0
8501.0
8415.0
8341.0
8230.0
8005.000000000001
8064.999999999999
8201.0
7657.0
8125.0
8193.0
8264.0
8292.0
8084.0
8032.0
8461.0
7772.0
7744.0
7935.0
8020.0
8229.0
8272.0
7801.0
8052.0
7908.0
7871.0
8119.0
8378.0
7965.0
7986.0
8790.0
8186.999999999999
8126.999999999999
8430.0
7795.0
8504.0
8345.0
8077.999999999999
8138.999999999999
8359.0
7783.0
7839.0
7821.0
8404.0
7957.0
8651.0
7871.0
7772.0
8061.0
8092.0
8357.0
7754.0
8055.999999999999
8225.0
8450.0
7801.0
8453.0
8125.999999999999
7904.0
7873.0
