380.0
397.0
402.0
403.0
377.0
373.0
381.0
370.0
396.0
370.0
416.0
410.0
401.0
363.0
380.0
386.0
373.0
360.0
359.0
371.0
373.0
364.0
365.0
409.0
404.0
378.0
360.0
409.0
400.0
403.0
391.0
376.0
393.0
368.0
361.0
366.0
408.0
368.0
392.0
370.0
354.0
396.0
375.0
373.0
370.0
370.0
363.0
365.0
371.0
362.0
405.0
410.0
429.0
421.0
425.0
422.0
430.0
395.0
488.0
467.0
451.0
435.0
439.0
454.0
452.0
492.0
413.0
449.0
409.0
397.0
459.0
455.0
437.0
432.0
403.0
466.0
441.0
419.0
444.0
404.0
434.0
423.0
448.0
556.0
483.0
403.0
452.0
425.0
425.0
446.0
422.0
410.0
389.0
383.0
359.0
393.0
356.0
401.0
363.0
383.0
