2500.0
2526.0
2431.0
2456.0
2640.0
2500.0
2829.0
2481.0
2628.0
2452.0
2505.0
2714.0
2648.0
2548.0
2681.0
2615.0
2544.0
2754.0
2713.0
2668.0
2424.0
2627.0
2584.0
2646.0
2392.0
2693.0
2394.0
2554.0
2400.0
2682.0
2422.0
2543.0
2460.0
2497.0
2436.0
2700.0
2603.0
2643.0
2506.0
2580.0
2594.0
2546.0
2678.0
2514.0
2642.0
2564.0
2629.0
2645.0
2416.0
2557.0
2430.0
2481.0
2534.0
2412.0
2505.0
2467.0
2451.0
2700.0
2595.0
2553.0
2650.0
2562.0
2607.0
2768.0
2448.0
2551.0
2474.0
2659.0
2479.0
2660.0
2564.0
2657.0
2432.0
2440.0
2658.0
2616.0
2644.0
2450.0
2525.0
2580.0
2645.0
2615.0
2609.0
2504.0
2477.0
2629.0
2371.0
2697.0
2585.0
2493.0
2632.0
2522.0
2413.0
2443.0
2456.0
2487.0
2519.0
2654.0
2688.0
2523.0
