101.0
128.0
107.0
100.0
103.0
105.0
124.0
125.0
99.0
102.0
126.0
107.0
106.0
96.0
104.0
109.0
104.0
106.0
112.0
111.0
114.0
113.0
93.0
92.0
91.0
91.0
89.0
89.0
89.0
92.0
91.0
92.0
91.0
91.0
91.0
91.0
91.0
91.0
90.0
91.0
90.0
90.0
89.0
89.0
90.0
91.0
91.0
89.0
98.0
93.0
94.0
94.0
103.0
96.0
95.0
91.0
94.0
94.0
94.0
95.0
92.0
91.0
91.0
91.0
91.0
91.0
94.0
93.0
92.0
95.0
95.0
94.0
99.0
92.0
92.0
93.0
94.0
92.0
93.0
91.0
92.0
94.0
92.0
96.0
92.0
92.0
99.0
92.0
95.0
93.0
95.0
93.0
98.0
93.0
94.0
94.0
95.0
100.0
111.0
95.0
