4925739
3027003
3252230
4094605
4205207
3367940
2025236
3161455
3275774
4643311
2187061
3147674
2043363
3344709
2343203
3359760
2774717
2613322
4554390
4151674
2132276
3722032
3966470
4090865
3096654
4880447
5128175
2465368
3177730
2330121
4080776
4630021
3772386
2553665
2931746
3200325
3910545
3913218
2742841
4061902
3855988
4061956
4886095
4164722
2531489
3819073
3689692
3061377
4575270
3358629
3406927
4059835
2907319
4604534
3940741
4843987
2559678
2601670
4206311
5088565
4012872
4653602
2563841
3119615
3924727
5095475
4680732
3617734
3659356
4783684
2960954
3621801
4417612
4815456
3811805
4249766
3111196
4880068
3136840
3220875
2695217
4760917
3840426
3947998
3800416
3295724
3528875
5140203
4059950
4517817
1952831
3313724
4652608
3297800
4764904
2908191
4494574
3948329
2296692
4018018
2595480
3671779
5148072
2560900
3773179
3797011
4858028
3513740
2147714
3870916
4292200
4061924
3765311
3483629
5004283
2744754
3359756
2470703
4064113
4022147
2883871
5217244
4255518
3775611
4065723
4248731
2824236
3796608
2301255
3161626
4370554
4998285
4332245
3642653
4730433
2678951
4194441
4400505
4019757
4924959
3251777
5012272
4308176
4019593
3504388
4500581
4635461
3389140
3949450
4745684
3952182
4286058
4317723
4578250
3693344
3279808
3653088
4138197
3961460
4090453
4157299
3400750
4439126
4412282
3629823
4977093
4313834
4656472
4905460
3891303
4313602
4760787
2886858
5058568
4239577
4018544
5089467
4395155
5251900
2083634
4921713
3093552
4307067
4577694
4145962
4395645
3969135
4237283
4262040
3948243
4375303
5294327
4997439
3948236
3839237
2616027
3058840
3188815
4762492
4220197
4344246
2312860
2861112
3636836
2630700
2228856
4381202
4500770
4649444
4193112
2888687
4997553
3857497
4952709
3829537
3756630
4384270
2213509
5012323
4412421
3197938
4061978
3399172
1956785
3454563
5177027
3859187
4479968
3995535
4616746
4113434
3509154
4252408
2343183
4998735
4382961
5012178
2825593
4060448
4804243
5023790
3837723
4426921
2890566
4691696
4445586
2205129
5193648
3878386
4129390
4759837
3530417
2350588
5009385
4531495
4769805
4317661
2489999
4839449
4330947
4437088
4705565
5171478
4475327
2993741
4111029
3504419
4998435
5212543
3338737
4291053
5012056
4574356
4060194
3832154
3206895
4685444
3654905
4442065
2949103
2187984
4489023
3306874
4755690
4530264
4639645
4306245
2489966
5012243
2853624
3395703
4833840
3681530
2589338
3958761
2128591
4350916
2989540
3984475
4110355
5200752
3886200
3323354
4140703
3537888
5011447
3930804
4556487
4191592
4782676
4310758
5012434
4413447
2009228
3693294
4333297
4611063
4231878
4362548
3869344
4753215
4999072
3907816
4031451
5012198
2845669
4699820
4223058
4345552
2979860
3980112
4096512
4998349
3764053
4498336
2400156
5009825
4393625
4646937
3362747
4172381
4777543
