1942233
2398016
749612	
928769	
1278471
379275	
1685522
2086999
4763479
1601478
1673567
1963713
1115431
2781743
2624672
1571434
2928175
2497382
772592	
1880735
2267311
1749355
907606	
873817	
1974847
2891332
655723	
1806847
2848874
1583278
2692533
689409	
1510180
2222747
790757	
3436251
2546029
1905234
3456041
3556621
2706035
879891	
1749334
4261246
2674086
2925608
1230411
863550	
1299900
1674376
1951957
1642364
1923306
3052157
2612347
2215289
895890	
2065667
444644	
1553625
650441	
1587283
1218504
2143154
2729789
2150104
2036481
1307139
2147230
786553	
1179237
2315577
2736418
4431121
869926	
2145956
940940	
1895684
656855	
1623686
2621789
1223385
3220539
2057676
2145128
2850911
590832	
1233412
1090241
1238790
2131705
513085	
1201538
1094659
2403578
3024914
1212895
3174312
1514841
773486	