1985095
2398028
2049337
2346297
1279146
403740	
1685919
1538162
4609155
1601852
3277649
2824212
2952638
1820831
680196	
873958	
1903079
1820837
2379688
2554728
2547701
2711591
1300910
1820856
4262026
2686165
2926979
1266138
864202	
2129819
1707052
3244046
3078852
2216666
1219270
2167858
2389438
2293417
816717	
1266095
4406125
680324	
877303	
1982964
2636807
3240056
2326948
2209030
2895301
764724	
1264017
3387294
3070476
3317847
2509592
2304406
3664410
710274	
2277885
2460350
3740641
3335373
2632946
713287	
2904300
401868	
2549581
2346306
1519521
3291030
3448744
1820972
4157629
2372638
1498915
2973410
3255062
2552087
1627388
1801448
2856577
2125031
3806839
1456780
1939362
3770683
1904952
2616025
3858362
3645703
1410079
2870180
4123845
2763093
1851344
2546954
3944042
2858797
3182481
1187783