[[ 0  7  0  0  0  0]
 [ 1 16  0  0  0  0]
 [ 1  4  2  0  0  0]
 [ 0  7  0  0  1  0]
 [ 0  9  0  0  5  0]
 [ 0  6  0  0  0  9]]              precision    recall  f1-score   support

           0       0.00      0.00      0.00         7
           1       0.33      0.94      0.48        17
           2       1.00      0.29      0.44         7
           3       0.00      0.00      0.00         8
           4       0.83      0.36      0.50        14
           5       1.00      0.60      0.75        15

    accuracy                           0.47        68
   macro avg       0.53      0.36      0.36        68
weighted avg       0.58      0.47      0.44        68
