[[17  0  0  0  0  0]
 [ 1  0  0  0  0  0]
 [12  0  2  0  0  0]
 [10  0  0  3  0  0]
 [ 9  0  0  0  7  0]
 [ 0  0  0  0  0  5]]              precision    recall  f1-score   support

           0       0.35      1.00      0.52        17
           1       0.00      0.00      0.00         1
           2       1.00      0.14      0.25        14
           3       1.00      0.23      0.38        13
           4       1.00      0.44      0.61        16
           5       1.00      1.00      1.00         5

    accuracy                           0.52        66
   macro avg       0.72      0.47      0.46        66
weighted avg       0.82      0.52      0.48        66
