[[ 0  0  0  4  0  0]
 [ 0  0  0  2  0  0]
 [ 0  0  0  1  0  0]
 [ 0  0  0 19  0  0]
 [ 0  0  0 10  8  0]
 [ 0  0  0  2  2  3]]              precision    recall  f1-score   support

           0       0.00      0.00      0.00         4
           1       0.00      0.00      0.00         2
           2       0.00      0.00      0.00         1
           3       0.50      1.00      0.67        19
           4       0.80      0.44      0.57        18
           5       1.00      0.43      0.60         7

    accuracy                           0.59        51
   macro avg       0.38      0.31      0.31        51
weighted avg       0.61      0.59      0.53        51
