[[ 0 15  0  0  0  0]
 [ 0 18  0  0  0  0]
 [ 0 32  0  0  0  0]
 [ 0 20  0  0  0  0]
 [ 0 11  0  0  5  0]
 [ 0  8  0  0  1 10]]              precision    recall  f1-score   support

           0       0.00      0.00      0.00        15
           1       0.17      1.00      0.30        18
           2       0.00      0.00      0.00        32
           3       0.00      0.00      0.00        20
           4       0.83      0.31      0.45        16
           5       1.00      0.53      0.69        19

    accuracy                           0.28       120
   macro avg       0.33      0.31      0.24       120
weighted avg       0.30      0.28      0.21       120
