[[ 1  6  1  0  0  0]
 [ 0 15  1  0  0  0]
 [ 2 14  4  0  0  0]
 [ 0  6  0  6  0  0]
 [ 0  7  0  0  9  2]
 [ 0  2  0  0  0 14]]              precision    recall  f1-score   support

           0       0.33      0.12      0.18         8
           1       0.30      0.94      0.45        16
           2       0.67      0.20      0.31        20
           3       1.00      0.50      0.67        12
           4       1.00      0.50      0.67        18
           5       0.88      0.88      0.88        16

    accuracy                           0.54        90
   macro avg       0.70      0.52      0.53        90
weighted avg       0.72      0.54      0.54        90
