1942176
2398015
749608
920644
1278441
379269
1685516
2086970
4814554
1601459
1673563
1963539
1115420
2781728
2624647
1571428
2928116
2497341
1130378
1880720
2267306
1749328
907604
873814
2378794
2891330
1096663
655718
1806828
2848234
1583262
2692522
1510167
2127000
790755
4090656
3436200
2545834
3456032
3556505
2705981
879889
1749345
4261240
2674080
2925584
1230402
863543
1299867
1674363
1951910
1642284
1895392
3052122
2612286
2040868
895875
2065661
444638
1553610
650336
1587281
1218495
2143050
2729780
2149862
2036474
1307142
2147093
786549
1181852
2315575
2736417
3985411
616728
869922
2145940
940920
3300435
1895663
656844
1623357
2619600
2713601
1221741
3217952
2057650
2145127
2850839
590829
3331168
1203203
1085516
1238766
2130541
513083
937226
2402286
2225008
3024844