2828241
3981941
1370981
1372441
411418
3750522
411496
1445272
2713011
1372177
2073530
4093813
407504
1985265
2328988
2759684
2665863
777118
2034855
2620066
4094129
2915083
4515598
938749
1645672
2718368
1824219
2896155
2102048
3309006
3432043
1937444
1844390
3332620
1617245
2630249
3379434
1515563
3025001
3011133
2350303
2134174
1847742
966207
2552198
4479490
1368397
3299317
4067034
410087
3348807
4493061
4078457
1829910
3983803
904769
411161
1827414
967612
4101906
3983838
1273229
3909761
3940142
1372705
2628940
4007068
3589218
2486300
3304747
2650443
4104137
967970
4797312
1895535
1829876
1379392
1375934
4343058
3983767
1881825
969176
4076287
3983770
1823961
410357
3303022
4067481
1637052
2707402
967563
2484697
672841
968572
4094214
1953756
4357552
3067769
3367181
1380799
2479667
3083219
3380904
1824193
4136645
2513424
3107929
4151323
969027
3304796
3983846
4170595
2994896
3347988
4068201
2452470
4503646
3369011
1381571
4095106
2483410
4611746
3084013
3509263
4142418
2600992
3239562
3983677
4153411
2811008
3306266
4003397
4172073
3007319
1364573
3356784
4069147
2467018
3075890
3376824
2484682
4613356
3084695
1834693
4146966
3239656
3983756
4157766
970912
3310520
4007122
2348556
3017108
3359423
1372742
4078238
2471272
4595772
3079026
1617412
4123702
2485079
3085196
3807303
1851742
4149636
3263889
3983766
1957041
4166423
2955009
973627
3316935
4064087
4174564
3060428
3362784
3365847
1379974
2473797
4608750
3082253
3379567
4130783
3085646
3914807
1930081
3304266
3983791
4169178
2992398
1005255
3344226
4067673
2384638
3067084
3070941
3367805
1381041
2480639
4610692
3083404
3384182
1826625
4139305
2600783
3123308
3978562
1944279
4152290
969161
3305232
3996619
4171457
2998180
3355106
4068335
2461179
2462704
4528951
3073903
2484031
4612896
3084536
1834431
4143862
2614381
3239609
3983744
1947175
4155037
969192
3308218
2348161
4172589
3012432
1372110
4071710
4077616
2470631
4577492
3076767
3377989
4117471
2484873
3738822
4148100
2629011
3239684
3983761
1953736
4158350
971398
3312028
4014780
2349725
4173174
3360617
1372581
3363702
4081623
2471331
3081732
3379359
4125917
2485621
4694763
3085300
3862335
4150354
2641551
3287153
1992714
4167708
2991580
974495
3331466
4066731
2350521
4248128
3063599
3067668
3367174
1380791
4089918
2478809
4609990
3083095
3380876
4136524
3085903
3937795
4151221
968778
4170157
2992548
3346566
2448168
3072181
3368975
1381269
2482758
4611535
3083758
4140270
2600809
3216617
3983676
1946435
4152814
2809907
969175
3305477
4000142
4171989
3004216
3356511
4068955
4075992
2465812
3075645
3376738
2484505
3084634
1834689
4145646
3239649
3983749
1948477
4157250
970667
2348402
3015104
3358732
1372320
1372737
4078216
2471262
3078361
3378289
4123103
2485066
3787378
1847805
4149588
2629165
3259612
3983765
1955324
4158830
3314108
4061623
2350180
4174410
3056766
3361088
3365544
2471474
4608552
3082020
1715147
4130370
2486257
4777976
3085399
1929914
4150498
2655545
3983784
2037035
4168720
2992259
981023
3339145
2371201
4281088
3066717
4438223
3068885
3367776
1381019
4094011
2479771
4610502
3083363
3382932
1824568
4136894
1942411
4152114
969153
3305171
3996590
2998111
3353671
4068268
2460140
2462643
3073171
3370057
1382434
4096377
2483609
4612796
3084527
3533076
1834393
4143384
2601016
3239574
3983694
1946767
4154885
969180
4003511
4172538
4071580
4077386
2468907
4577310
3076719
3377808
4111201
2484738
4613401
3084810
3714005
4148056
2628951
758641
3239674
3983760
1953553
4157951
2892667
971366
3311450
4011977
2349481
4173033
3360074
1372565
3363684
4078919
2471296
3081532
3379112
4125004
2485177
4693091
3085272
4150259
3983768
4167706
2990061
974289
3328074
4065402
2350458
4218603
3063452
3067546
3367067
4087698
2477345
4609948
3082866
3380273
4132076
2490877
3085883
3935331
1931717
4151157
3304688
2132243
4169662
2992507
3345560
4068035
2414394
3071593
3367953
1381068
4094307
2482447
4611147
3083709
1829240
4139574
2600788
3207997
1946427
4152580
969170
3305342
3996649
4171952
3000291
3356509
4068875
4075035
2464224
411761
3074606
3375661
2484409
4613086
3084609
3564143
1834678
4144910
3239637
3983748
4157048
2833287
969218
3309208
4006997
2348379
4172956
3013412
3358565
4078127
2471105
4585494
3078120
3378231
4120707
4616656
3085178
3764485
4149200
2629076
3256320
3983763
1955142
4158549
2905215
971483
4028944
2350010
4173876
3050277
3360927
3364297
4083450
2471463
4608335
3082019
3379440
4127443
2485765
3085393
3884151
1918165
4150488
3302206
3983775
4168283
2992249
3333116
4067372
2351281
3066513
4368785
3068210
3367573
1380913
2479720
4610327
416550
3083319
4136694
2514866
3116286
3955980
4151474
969075
3304813
3983858
4171236
2998043
1211425
4068205
2459866
4508573
3073058
3369976
2483418
3084339
1834121
4143201
3239566
3983692
1946722
4153858
969179
3306716
4003497
2336950
4172236
3007877
3358085
4069191
2462294
3076612
3377047
4613357
3084800
3706419
4146994
3239659
3983758
1953543
4157780
2856923
4010624
2348668
3359530
1372514
1375684
2471282
3080475
3378661
2485126
417355
3085203
1853344
4149813
1957147
4166580
2989933
974273
3326362
4064643
2350344
4190758
3063261
3365885
1380299
4087586
2475092
4609396
3082291
3379595
4131928
2486599
4836350
3924427
1930240
4150893
2703213
3304574
3983800
4169584
2992444
4067833
2393687
3067523
3071465
1381064
2482025
4610743
3083553
3389600
4139388
3131317
3981100
1946320
4152575
2791683
969166
3305234
3996639
2293636
4171562
2999393
3356286
4068370
2461317
4074763
2463154
3074198
1447841
4098845
2484214
4612995
3084556
1834641
4144036
3239617
3983746
1948052
4155443
2831939
969214
4006973
2348186
4172726
3012642
4077941
2470915
4579938
3077937
4120242
4613436
3085049
1844973
2629014
3248183
971455
2349834
4173276
3045661
3360782
1372660
3363882
4608292
3081754
1691983
4126699
2485704
4761713
3085325
1902451
4150414
2647489
3983773
4168034
2991800
2350632
4272758
3064474
