2091489
2398011
970351
408959
1686112
1538196
5217715
2824225
882676
4262467
773478
1306247
2713012
3345434
2931735
865707
2687583
1707176
4207889
3100695
2219423
1219409
2389559
2309102
2274785
899366
1618897
2328472
2648722
2219612
1788405
765101
1273642
3084916
3771234
3405187
3637082
2512974
710834
2270634
3965110
717377
2916338
2550184
2485139
1528485
1956267
3449532
3770772
2372665
1500085
2982971
2904085
2552972
1938215
2295339
2138699
1457662
3819371
4446741
2800144
3055095
1410342
3744425
3662338
2764881
2836155
1708912
3946002
1190666
3333106
2350050
1380566
3854249
3190266
2572132
4513152
4168798
1309005
1670903
3121922
3476141
2733164
2727415
1038943
2759339
4005803
1811500
3098006
2287619
1613001
1298614
4476229
2478296
1142226
3103810
2278298
559550
1408869
1272118
3001612
2512175
2845632
2094774
4513275
1934758
1876852
4479828
2557302
2353424
1627256
5061561
2840292
2836599
1799944
3692589
2593180
4495102
2649548
2044632
2813368
4395913
2044621
2810497
3094038
2816634
2495252
2834191
4343946
2289101
1958986
3037184
1970838
3008630
1539499
2300797
3418687
4029712
2090938
3224678
2405652
3319077
2084872
2284320
3478209
3094359
3233372
1490084
4781103
4652683
3125939
3134061
3124117
408850
2070013
2679051
3860258
4049248
1329957
2587551
3983731
2225600
2215544
1375825
875241
2731207
827303
3882204
2813479
1708096
4008196
3479258
4226160
3057079
1335064
1800807
4576546
1704534
3779385
2166186
3595311
4892078
1205140
4307223
1869209
2344137
3363804
1783877
754752
5005421
4421613
2949424
1989327
3545522
3272485
4252491
3126384
3803662
4181353
3986769
4610481
3013172
4100892
5036964
4667629
4060188
1716721
5183401
2323432
4422646
2536434
4797315
4327471
4461543
5009702
4093246
5166327
3755013
4081733
5115705
3988260
2558202
2311660
3468504
5199826
4680870
2666077
4640440
2484210
4221542
2059794
5244121
3094544
2976413
2747729
4957562
3369262
4439345
4384386
2747489
5006493
4820636
1470609
4170446
3941882
3266196
4099478
3429493
2226952
5245763
1380789
4713038
4126011
4950091
2657359
1250115
3699848
3812610
4608455
2362009
2395605
4007575
3365510
4167702
3494130
4311749
5172196
3734986
5291250
3838814
4611562
4613384
3228442
4059587
4820066
5019241
4341343
3915855
2483411
4085189
5029712
3626974
5221949
2901555
3791882
3089706
3103978
3305237
2647442
3437577
4248873
2759043
4433520
1698014
4149225
1945677
4289039
2126242
5156879
3712261
5280752
2992409
4611964
2404720
3215924
5012117
2699245
3504344
3883906
3239567
4067027
4830665
2630133
4186655
2030354
2717964
5213633
2866915
4527266
2315800
3059773
3940778
4095286
5055811
3638562
3802426
2342956
1684265
3969664
4105650
4944867
2650714
4255568
5135676
2774835
5265794
3807755
4608371
2356553
3165002
4784893
3365186
4991545
2674739
3493508
2141837
5171904
3724948
5290239
4611163
4613263
1721326
4049370
4819804
2628946
4177823
5012993
2704555
3538833
5194175
3767793
1527503
3859886
1584255
3904695
4650058
2481206
3239583
4082617
4845671
5027522
4395784
2506388
3275764
4877794
2646790
4238391
5086497
3658216
4425564
5257668
4600770
3333300
4143588
2662137
3476856
4285767
5156661
2272653
5278840
2992301
4610170
4808325
2593236
4324253
2155105
5174865
2827535
3012912
3841007
4630918
2466133
4064074
2629137
3391927
4184281
2714274
3562614
4345204
3775077
4525156
3934675
2484035
3260113
1824034
4869252
2642542
3426451
5234017
2904956
3800752
3114618
1677412
4690901
4942622
3461147
2085365
3668063
2259009
3807418
4783823
3364035
4162231
3481373
2141068
3723316
3828595
4612974
2411721
3227413
1718363
4816195
3379209
4176447
5012858
2704322
4335080
5190276
3855496
4646645
3239575
1798514
4835064
2635019
2038495
5027366
3598337
2212314
5216960
2882941
2317116
4876077
3430207
4226776
5069792
3648702
4425216
2944241
1381094
3804358
4596955
2348691
4126122
4952590
2658341
5149170
2803902
4452865
2991646
3815752
4608903
2365092
4611888
3180478
4797613
3366497
2681573
3500679
4317641
5174058
4478976
4621514
3390439
4181585
2019409
5020319
3547558
3919753
2483963
3255017
4085741
2735674
5227832
3793946
3955944
4688122
2510716
3313368
1882505
4942580
3665183
4436144
5260907
2961711
3807244
4607505
2353210
1948181
4960788
5159036
3712914
2992686
2376123
4612792
4813778
5012195
2700327
3510866
2180001
3753716
3019556
3239569
4077860
4831087
3403254
4190887
5027046
4365894
2211289
5216246
2877335
4529913
2316035
3067608
