5072338
3297117
4066775
5196604
1768003
2975826
4936229
5077347
1330361
3303044
4181755
399168
1791139
2268038
2980331
3950510
2468211
3288582
5081934
1334674
2969124
4467819
1791456
2307388
2991759
4003392
5066827
945291
2513407
3290852
4055485
5083677
2969760
3693856
4676772
2308398
3161012
4051661
986600
2607600
3291462
4062255
5132317
2970333
3694692
4820873
2089252
2310202
3237408
4052038
5073598
3297352
5208914
1768139
2978166
4941034
2324095
3288201
4052611
5078250
1330441
2938144
4263471
1791223
2986925
3979274
4973878
944730
2468246
3288814
4054740
5082515
2969278
1791565
2307498
4003676
5066992
4059451
5084300
2605256
3291147
4059926
5084731
2969845
3694119
4683119
2309878
4051763
5069342
987458
2613114
3292984
4064007
5147897
1767858
2970480
3715023
2089376
2310300
3241078
4052146
5074278
3297594
4098591
5236173
1768287
2127401
2979175
4947213
2381697
3288335
4052768
5078712
1330493
2968449
3303799
399354
2306948
2988953
4982635
945098
2468298
3289004
4054838
5082791
2969388
3497099
405367
1791729
2307588
3066318
4019715
5069114
945573
2307683
3066410
4051503
5069179
951213
2606548
3291238
4060644
5085060
2969960
3694389
4688895
2309981
3236974
4051864
5069496
3294395
4065833
5180438
1767931
2095225
2971650
4917051
2310436
3248583
4052262
3299633
4131918
2163884
2979867
3930339
930111
3288422
4053090
5080692
1330594
2969005
3336545
1791319
2307164
2990396
4003301
4986522
945154
2468338
3290730
4054922
2969608
3533240
4643031
1791997
1816856
3104225
4051544
5069238
952254
2607337
4061896
5085773
1767295
2970054
3694518
4743701
2044978
2310052
4051938
3295944
5193596
1767989
2973731
4935564
2310516
4052370
5076081
1330332
3301489
4158822
5251920
1789882
2980031
3943838
4953959
938254
3288511
4054640
5081576
2969062
3363755
2307320
2991126
4003356
945237
2487316
3290798
5083515
2969671
3591203
4657561
2969742
4673429
2307983
3129242
4051610
5069287
2607435
3291420
5118872
1767716
2970179
3694606
4800932
2088958
2310172
3237275
4052013
5072597
2721611
3297206
2098519
2976213
3866234
4936481
2310697
3288130
4052550
5077981
3303256
4230864
1791191
2277286
2986480
3960517
4970863
2468228
3288774
4054707
5082221
1338239
2969243
3396678
1791473
2307448
4003458
5066893
945347
2542525
3290927
5083951
3290999
5084483
2969800
3694049
4676955
1933579
2309784
3196517
4051720
5069302
986620
2607688
3292111
4062409
5139386
1767807
2970417
3695864
4837288
2089278
3239470
4052063
1329710
2767046
3297448
5216198
1768197
2978751
3896884
4944962
2347443
3288232
4052666
5078445
1791229
2302977
2988383
3983981
945047
3288904
5082610
2969337
1791660
2307523
3038388
4011047
5067162
945476
2606109
3291174
4060144
5084845
2969912
3694270
4685006
1975548
2309935
3227734
4051775
5069357
3293423
2970614
4900829
2310338
3247593
4052220
5075649
1330191
3297737
4122172
1768332
2979605
3921512
4949689
3288379
5079378
2968905
1791302
2307008
2989789
4001125
4984575
945109
2468323
3290683
4054885
5083110
2969457
4617814
1791901
2307647
3066351
5069157
2307717
3067289
4051521
5069214
951866
3291288
4061064
5085354
2969995
3694409
4738901
2310025
3237145
4051897
5069614
3295333
4066152
1767955
2096424
4928999
2310447
3252105
4052317
5075878
1330303
3300955
4148833
5251648
2210800
2979887
3935870
4953178
2468186
4054618
5081250
1330627
2969033
1791345
2307284
2990915
4003327
4997264
945195
2471880
3290767
4054976
1458601
2969642
3551818
2969698
4660268
2307868
4051563
5069264
952618
2607390
3291358
4062120
5098396
1767649
4754372
3237209
5072116
3297035
4066724
1768000
2097973
2974361
3824336
4936135
2310559
3288063
4052451
5077284
1330355
3302853
4181315
1791128
2264483
2980196
3950411
4956288
2468209
3288561
4054664
5081701
2969095
3369961
4465404
2307377
2991642
4003387
5066817
945263
3290849
4055470
5083659
2969756
4676756
2308086
3159163
4051643
986599
2607574
3291440
4062195
1767775
2970309
3694621
4815460
2089210
2310197
3237356
4052036
5073585
1324707
2735096
5207679
1768054
2099294
2978070
4940829
758009
2320580
3288156
4052597
5078170
1330422
2913338
3303375
1791218
2986882
4973852
2468243
3288810
5082500
1338355
1791546
2307484
4003596
5066975
945373
3290955
4059031
5084277
4059906
5084699
2969833
3694103
4681977
2309863
4051747
5069338
3292914
4063548
1767842
2970476
3705142
4851708
2089339
2310256
3240796
4052140
5074275
1330179
3297508
2978990
3907076
4946746
3288312
4052722
1330491
2963870
3303790
1791260
2306554
2988465
3993351
4982588
2468268
3288961
4054819
5082737
2969378
4594466
1791719
2307575
3060004
5068374
945572
2307662
3066392
951041
2606510
3291211
4060474
5085012
2969952
3694379
4687214
1987649
2309965
4051841
5069489
4065802
5174870
1767912
2971509
4906342
3247938
5075725
3299547
4130343
1768373
2979711
3926026
4952308
3288397
4052997
1330579
2968998
3327994
5499460
399444
1791317
2307129
2990307
4003284
4986432
945128
4054919
5083378
2969543
4639679
1791957
2307794
4051535
5069237
952233
2607334
4061771
5085608
2970029
3694501
4743698
2038713
2310045
4051922
5071552
4066434
5192111
1767988
2973347
2310479
3262262
4052360
5076009
1330320
3301330
4151947
5251884
2979999
4953887
935602
2468194
3288484
4054632
5081556
1330673
3363451
1791381
2990939
4003352
5001551
945224
2485113
4055012
5083451
2969668
4657457
1807391
2969735
3678305
2307982
3121912
4051606
5069284
2607409
3291417
5118073
2970158
3694578
2310171
3237260
4051998
5072381
3297171
4068149
5201767
1768014
2976189
3845903
4936439
4052546
5077868
1330381
3303141
5301964
1791186
2982661
3960464
4968928
943958
3288675
4054697
5082218
1338128
2969183
4470181
1791470
2307430
4003442
5066892
945326
3290882
4055668
5083713
1530177
4059765
5084440
3694031
4676939
2309396
4051716
5069301
986617
2607671
3291945
4062340
5137294
2970366
3695822
2089260
3237990
4052054
5073937
2759990
3297406
5209903
1768181
2978686
4944519
3288212
4052654
5078424
1330468
3303608
4277976
5329774
1791228
2302812
2988329
3981063
4982550
2468248
3288896
4054755
5082599
2969289
1791635
2307518
3037310
5067087
945474
2606069
3291164
4060057
5084825
2969906
3694189
2309931
3221996
4051771
5069354
3293405
4065438
5166146
2970503
4889165
2310335
3245316
4052195
5075610
3297725
5236518
1768299
2134119
2979307
3916294
3288353
4052808
5079268
1330547
2968894
3303817
1791298
2306972
2989431
4982666
4054874
5083109
1405147
2969455
3518003
4616638
2307642
3066341
4028346
5069144
945634
2307706
3066508
4051510
2606998
3291281
4060959
5085297
2969988
2018899
2310022
3237144
4051892
5069609
3295290
4066148
5182934
2096367
2972159
3774426
4917508
2310441
4052296
5075797
2823713
3300449
4141120
5250481
1768456
2979885
3935740
4953088
2468184
3288442
4054610
5081067
2969026
4377514
5525810
1791327
2990895
4003322
4986739
3290748
4054944
1455012
2969633
4658663
2307852
3114874
5069245
952353
2607374
3291353
4062020
5090511
1767645
2970065
649799
2310108
3237208
4051973
5071917
3296728
4066706
5194785
1767997
2097842
2974212
4935942
2310544
4052402
3301606
4173134
1791007
2980182
3950261
4954367
941345
2468206
3288539
4054651
5081643
1332285
2969067
1791446
2307357
2991576
4003365
945253
2499716
3290828
4055100
5083578
2969685
2969752
4675753
2308058
3145756
4051616
5069296
2607567
3291439
5126111
1767767
2970267
3694620
4814289
2089191
2310195
3237333
4052030
5073254
2728960
3297316
4069143
5205317
2977842
3870519
4939495
2310866
3288150
4052560
5078169
1330412
2897787
3303339
4248435
1791216
2293139
2986819
4973338
3288794
4054716
5082495
1338272
2969259
4512159
1791528
4003559
5066954
945372
3290945
4057383
5084195
3291110
4059890
5084691
2969808
3694078
4681854
1934755
2309849
3202405
4051736
5069314
3292677
4063537
1767839
2970420
3704335
2089312
2310252
3240538
4052106
5074222
2769556
3297489
4094088
5231753
1768251
2108533
2978977
4946716
3288308
4052696
5078527
1330488
3303724
4324456
5336212
2306261
2988439
3991774
4982576
945087
2468261
3288938
4054800
5082683
1369857
2969360
3456477
4594413
2307558
5067716
945520
5069161
950409
2606307
3291205
4060353
5084970
2969950
3694339
4685917
2309951
4051838
5069387
2636776
3293663
4065749
5173547
1767905
2970899
3763821
2310373
3247919
4052247
5075722
1330213
3298445
4127789
5241690
1768367
2979708
3924305
4951767
928417
3288388
4052940
5079862
1330576
2968994
5473856
1791316
2307091
2990051
4003281
4986085
945122
2468333
3290717
4054903
5083318
2969495
3530547
1791930
2307653
3066380
2307791
4051530
5069221
952118
2607222
3291320
4061518
5085572
1767215
2970019
3694438
2310043
4051919
5071436
3295715
4066380
1767981
2097214
2973291
3799363
4934340
2310461
3260067
4052357
5075977
1330308
2851996
3301168
4151262
5251868
2979969
4953832
935479
2468189
3288462
5081513
2969045
1791379
2307292
2990927
4003348
4998177
945209
2485096
3290793
4054993
5083448
2969659
3560421
4657449
1807253
2969722
3647077
4663119
1890089
2307956
3118433
4051598
5069279
2607402
3291397
4062131
5116953
2310158
3237248
4051992
5072368
3297160
4067207
5200775
2975944
2310664
3288110
4052495
1330362
3303106
4199234
5300694
1791185
2271494
2981983
3950529
2468216
4054693
5082050
2969177
3386317
1791458
2307394
2992278
4003436
5066859
945293
2513701
3290861
4055527
5083680
2969789
3693977
4676832
2308766
986604
2607647
3291495
4062313
5134610
1767783
2970344
3694699
2089253
2310207
3237742
4052052
5073936
1326700
3297355
4075211
5209147
1768163
2978530
4942349
3288207
5078287
1330461
3303540
4275627
5327031
1791225
2302091
3979303
3288822
4054754
5082580
1339654
2969283
3421624
1791606
2307503
4007192
5067015
2564325
3290970
4059505
5084399
2605943
3291150
4060048
5084756
1683244
2969891
3694188
4683349
2309891
3212516
4051765
5069349
987468
4064010
5153468
1767891
2970501
3722756
4875140
2089378
2310316
3242547
4052160
5074850
3297597
4102317
5236400
1768293
2979217
3909855
4947410
3288341
4052794
5078890
1330516
2968888
3303816
1791276
2989323
3993504
4982649
945099
3289492
4054872
5082865
2969392
1791825
2307630
3066339
5069118
2307685
3066482
5069193
951288
2606578
4060696
2969967
4733906
2008819
2310009
4051871
5069581
3294990
4066136
5182702
1767933
2096341
2972126
3772323
4917424
2310439
3250217
4052288
5075785
1330281
3299807
4134115
5250395
1768420
2979880
4952981
2468161
3288432
4054608
2969018
4373902
2307168
2990747
4003307
4986547
945155
3290737
4054943
5083384
2969623
3540789
4643549
1792032
2307828
4051549
5069240
952315
2607369
4061951
5088545
2970058
4743702
2310104
3237181
4051956
5071754
1208239
3296578
4066648
5194202
1767993
2097810
2973939
3802636
4935916
2310519
3275790
4052380
5076180
1330342
2860200
3301505
4167832
5258900
1790466
2980162
3945056
4954255
941044
2468202
3288516
4054649
5081636
1330843
2969065
4440982
1791411
2307324
2991282
4003360
945243
2498532
3290800
4055089
5083523
1496200
2969679
4658451
2969743
3685631
4675732
1933221
2308048
4051614
5069288
2607513
3291426
5120779
1767737
2970264
3694619
4801115
2088966
2310173
3237285
5073033
3297292
4069102
5204369
1768028
2098617
2976334
4938607
2310741
4052557
5078085
1330409
3303263
1791204
2288849
2986802
4972952
944277
3288789
4054708
5082280
1338247
2969247
3404118
404546
1791511
2307459
3012661
4003459
5066914
945367
3290934
4057305
5084080
