738.0
758.0
772.0
761.0
685.0
777.0
763.0
795.0
701.0
697.0
701.0
719.0
706.0
732.0
656.0
682.0
712.0
712.0
681.0
719.0
692.0
694.0
717.0
683.0
752.0
757.0
743.0
731.0
762.0
752.0
800.0
739.0
703.0
732.0
864.0
840.0
692.0
689.0
697.0
725.0
700.0
714.0
751.0
741.0
688.0
739.0
755.0
729.0
674.0
721.0
759.0
726.0
699.0
754.0
683.0
686.0
737.0
736.0
701.0
671.0
687.0
685.0
702.0
710.0
741.0
740.0
709.0
701.0
773.0
755.0
738.0
726.0
667.0
664.0
706.0
729.0
721.0
725.0
768.0
782.0
656.0
766.0
685.0
729.0
768.0
720.0
728.0
702.0
719.0
720.0
760.0
739.0
723.0
734.0
729.0
741.0
698.0
752.0
699.0
686.0
