11425.0
10908.0
11142.0
11101.0
11425.0
11345.0
11466.0
11814.0
11284.0
11416.0
11591.0
11612.0
11337.0
11565.0
10903.0
10911.0
11555.0
11469.0
11202.0
10945.0
11372.0
11585.0
10804.0
11529.0
11440.0
11502.0
11292.0
10982.0
11409.0
11182.0
11562.0
11299.0
11158.0
11378.0
11018.0
11205.0
11556.0
11577.0
11027.0
11114.0
10983.0
11029.0
11446.0
11568.0
11022.0
11884.0
11217.0
11461.0
11310.0
11326.0
11349.0
11452.0
11432.0
11684.0
10908.0
11448.0
11126.0
11284.0
11209.0
11808.0
11151.0
10730.0
11825.0
11134.0
11321.0
11448.0
11143.0
11391.0
11495.0
10873.0
11594.0
11450.0
11129.0
11494.0
11039.0
11268.0
10822.0
10938.0
11150.0
11179.0
11456.0
11529.0
11572.0
11455.0
11143.0
11138.0
11007.0
11011.0
11529.0
11366.0
11335.0
11553.0
11490.0
11213.0
11626.0
11268.0
11447.0
11179.0
10959.0
11341.0
