9027.0
8890.0
8543.0
8137.0
8542.0
8592.0
8635.0
8458.0
8626.0
8724.0
8891.0
8551.0
8615.0
8884.0
8639.0
8423.0
8446.0
8687.0
9115.0
9023.0
9031.0
8534.0
8723.0
8639.0
8633.0
8668.0
8791.0
8695.0
8462.0
9052.0
8740.0
8824.0
8478.0
8253.0
8778.0
8560.0
8757.0
8647.0
8993.0
8623.0
8472.0
8830.0
8630.0
8283.0
8642.0
8838.0
8803.0
8809.0
8325.0
8643.0
8605.0
8408.0
8860.0
8526.0
8780.0
8749.0
8989.0
8815.0
8594.0
8477.0
8599.0
9045.0
8403.0
8993.0
8593.0
8747.0
8673.0
9106.0
8936.0
8786.0
8430.0
8519.0
8519.0
8759.0
8714.0
8300.0
9018.0
8932.0
8587.0
8737.0
8722.0
8319.0
9210.0
8819.0
8678.0
8908.0
8567.0
8618.0
8454.0
8775.0
8725.0
8884.0
8820.0
8644.0
8598.0
8882.0
8161.0
8293.0
8611.0
8757.0
