15552.0
15785.0
16239.0
16290.0
16091.0
15289.0
15963.0
16201.0
14973.0
14740.0
16482.0
15898.0
15944.0
15213.0
15003.0
14855.0
15714.0
15699.0
15334.0
15467.0
15785.0
15272.0
15273.0
16294.0
15892.0
16155.999999999998
15318.0
15322.0
15685.0
15346.0
14904.0
15478.0
16292.000000000002
15730.0
15814.0
15506.0
14724.0
14979.0
14810.0
15800.0
15698.0
15628.0
15765.0
15527.0
15246.0
15049.0
15121.0
15244.0
15127.0
15027.0
15394.0
14915.0
15209.0
15614.0
15426.0
15588.0
15993.0
15600.0
15358.0
15524.0
15341.0
15341.0
15359.0
15517.0
15426.0
15427.0
14994.0
15527.0
16344.0
14938.0
15163.0
15321.0
15323.0
14958.0
14927.0
15146.0
15244.0
14903.0
15137.0
14909.0
14786.0
14834.0
15091.0
15019.0
15006.0
14754.0
14889.0
14972.0
14989.0
14720.0
14803.0
14939.0
14721.0
14742.0
14837.0
14729.0
14838.0
14974.0
14893.0
14978.0
