241.0
254.0
284.0
223.0
249.0
236.0
239.0
229.0
218.0
225.0
229.0
229.0
175.0
160.0
161.0
163.0
160.0
163.0
159.0
160.0
163.0
161.0
160.0
159.0
163.0
161.0
159.0
162.0
166.0
158.0
161.0
160.0
162.0
162.0
159.0
159.0
165.0
160.0
160.0
160.0
160.0
164.0
159.0
163.0
160.0
160.0
159.0
161.0
163.0
160.0
160.0
162.0
159.0
160.0
160.0
161.0
164.0
158.0
161.0
159.0
160.0
166.0
161.0
166.0
162.0
161.0
165.0
159.0
159.0
161.0
159.0
163.0
158.0
163.0
162.0
160.0
161.0
161.0
160.0
160.0
158.0
158.0
164.0
162.0
161.0
160.0
161.0
163.0
158.0
161.0
164.0
171.0
164.0
161.0
163.0
163.0
158.0
160.0
160.0
162.0
