6218.0
6240.0
6460.0
6438.0
6401.0
6539.0
6247.0
6316.0
6412.0
6195.0
6533.0
6333.0
6354.0
6422.0
6372.0
6304.0
6394.0
6490.0
6410.0
6397.0
6454.0
6328.0
6246.0
6463.0
6422.0
6384.0
6117.0
6198.0
6566.0
6554.0
6294.0
6555.0
6220.0
6412.0
6062.0
6375.0
6172.0
6480.0
6308.0
6639.0
6586.0
6260.0
6431.0
6299.0
6578.0
6100.0
6308.0
6728.0
6443.0
6502.0
6574.0
6378.0
6353.0
6530.0
6347.0
6426.0
6302.0
6371.0
6247.0
6376.0
6484.0
6212.0
6398.0
6509.0
6465.0
6573.0
6585.0
6486.0
6440.0
6145.0
6378.0
6318.0
6413.0
6401.0
6611.0
6275.0
6585.0
6357.0
6087.0
6488.0
6481.0
6570.0
6373.0
6114.0
6491.0
6313.0
6293.0
6237.0
6452.0
6365.0
6694.0
6292.0
6116.0
6068.0
6455.0
6407.0
6369.0
6468.0
6303.0
6108.0
