14013.0
14475.0
13853.0
14562.0
14714.0
14926.0
14202.0
14468.0
14081.0
14223.0
14125.0
13926.0
14686.0
13797.0
13257.0
13560.0
13503.0
13735.0
13584.0
12935.0
13615.0
12896.0
13342.0
13405.0
13438.0
12829.0
12832.0
13156.0
13267.0
13355.0
12856.0
12642.0
12546.0
12840.0
12523.0
12897.0
12814.0
12453.0
12657.0
12903.0
12611.0
12333.0
12550.0
12890.0
12688.0
12527.0
12638.0
12563.0
12695.0
12638.0
12356.0
12646.0
12480.0
12569.0
12638.0
12805.0
12570.0
12555.0
12373.0
12579.0
13193.0
12579.0
12811.0
12721.0
12803.0
12725.0
12626.0
12488.0
12384.0
12501.0
12424.0
12536.0
12372.0
12916.0
12744.0
12447.0
12983.0
12462.0
12563.0
12577.0
12451.0
12460.0
12410.0
12856.0
13051.0
12404.0
12394.0
12549.0
12276.0
12556.0
12361.0
12522.0
12548.0
12762.0
12412.0
12532.0
12403.0
12407.0
12758.0
12916.0
