1634.0
1746.0
1572.0
1634.0
1646.0
1665.0
1616.0
1632.0
1591.0
1601.0
1586.0
1581.0
1604.0
1496.0
1554.0
1563.0
1568.0
1665.0
1558.0
1619.0
1610.0
1561.0
1620.0
1622.0
1662.0
1602.0
1625.0
1596.0
1691.0
1632.0
1599.0
1635.0
1616.0
1604.0
1612.0
1619.0
1741.0
1565.0
1608.0
1600.0
1683.0
1599.0
1578.0
1698.0
1631.0
1629.0
1601.0
1686.0
1630.0
1792.0
1697.0
1581.0
1598.0
1673.0
1613.0
1567.0
1820.0
1683.0
1610.0
1565.0
1640.0
1582.0
1715.0
1725.0
1616.0
1595.0
1596.0
1625.0
1526.0
1545.0
1669.0
1637.0
1605.0
1722.0
1718.0
1815.0
1634.0
1554.0
1647.0
1756.0
1571.0
1668.0
1550.0
1659.0
1566.0
1608.0
1616.0
1644.0
1573.0
1594.0
1607.0
1723.0
1561.0
1691.0
1573.0
1588.0
1603.0
1642.0
1555.0
1546.0
