4676.0
4582.0
4292.0
4562.0
4466.0
4473.0
4619.0
4433.0
4290.0
4330.0
4600.0
4557.0
4408.0
4421.0
4603.0
4906.0
4690.0
4541.0
4404.0
4546.0
4476.0
4369.0
4853.0
4545.0
4516.0
4543.0
4282.0
4371.0
4387.0
4587.0
4354.0
4579.0
4340.0
4444.0
4373.0
4577.0
4261.0
4309.0
4243.0
4461.0
4418.0
4600.0
4349.0
4472.0
4489.0
4493.0
4786.0
4253.0
4363.0
4623.0
4347.0
4282.0
4420.0
4565.0
4332.0
4371.0
4462.0
4268.0
4457.0
4534.0
4610.0
4453.0
4463.0
4345.0
4434.0
4377.0
4455.0
4531.0
4238.0
4364.0
4374.0
4592.0
4504.0
4184.0
4364.0
4382.0
4588.0
4263.0
4414.0
4344.0
4473.0
4267.0
4421.0
4614.0
4381.0
4483.0
4427.0
4285.0
4191.0
4387.0
4477.0
4700.0
4352.0
4314.0
4344.0
4671.0
4605.0
4258.0
4327.0
4451.0
