2884.0
2922.0
2897.0
3089.0
2940.0
2807.0
2804.0
2989.0
2991.0
2955.0
2841.0
2874.0
2954.0
3072.0
2947.0
2755.0
2957.0
2941.0
2864.0
2856.0
2807.0
2813.0
2703.0
3002.0
2736.0
2794.0
2807.0
2810.0
2872.0
2948.0
2958.0
2893.0
2875.0
3043.0
2817.0
2908.0
2946.0
2904.0
2927.0
2999.0
2774.0
2876.0
2781.0
2905.0
2713.0
2802.0
2823.0
2788.0
3085.0
2865.0
2985.0
2946.0
2901.0
2995.0
2808.0
2903.0
2826.0
2900.0
2839.0
2928.0
3010.0
2797.0
2745.0
2959.0
2970.0
2920.0
2846.0
2928.0
2928.0
2993.0
2984.0
2831.0
2893.0
2826.0
2884.0
2955.0
2866.0
2933.0
2865.0
2707.0
2838.0
2692.0
2939.0
2918.0
3112.0
2812.0
2782.0
2904.0
2856.0
2907.0
2872.0
2904.0
2811.0
2861.0
3020.0
2905.0
2919.0
2967.0
3186.0
3019.0
