Module
[0.7578813  0.32565725 0.75126183 0.20268571 0.07858038 0.0112946
 0.6466559  0.0199188  0.29131877 0.34506476 0.512452   0.94017696
 0.96598434 0.31317782 0.9021342  0.68441355 0.3759266  0.9112884
 0.9043968  0.26112723 0.845006   0.5240005  0.34656346 0.73409224
 0.87577415 0.89437246 0.7140517  0.5722605  0.5057149  0.43472493]

Interactive
[0.47295773 0.13807666 0.9242985  0.1280793  0.10364103 0.3861513
 0.6234417  0.41192555 0.42288923 0.817528   0.00340462 0.22662425
 0.5042074  0.9444561  0.64758945 0.07925344 0.99691546 0.34655666
 0.54784095 0.40552485 0.45900607 0.16890073 0.9342351  0.8074142
 0.9311888  0.4960723  0.55562615 0.15443659 0.84586525 0.15354204]

Expression
[0.13981509 0.45954597 0.04759848 0.5008354  0.6114559  0.30231988
 0.4150957  0.91193914 0.28527248 0.42476857 0.5879189  0.14936852
 0.35061944 0.3718239  0.8286321  0.25852287 0.2856437  0.24524748
 0.02902675 0.13088787 0.9088211  0.6513263  0.73143065 0.71654415
 0.4252019  0.39247346 0.4918599  0.13392603 0.11003542 0.24686539]

FunctionDef
[0.48414493 0.3436345  0.90635014 0.3178811  0.26139498 0.99993277
 0.97855484 0.912662   0.00226986 0.8398193  0.54887366 0.21042943
 0.8856095  0.32405186 0.47049308 0.40080953 0.82761693 0.894099
 0.49118412 0.39379513 0.39637172 0.4076934  0.5012561  0.6093949
 0.5843948  0.4938947  0.5993521  0.00388122 0.21868885 0.7156795 ]

ClassDef
[1.1908066e-01 2.7986693e-01 5.5934155e-01 9.1072977e-01 7.4490309e-01
 8.0950737e-01 7.8486884e-01 7.3570383e-01 4.1342747e-01 7.3071396e-01
 5.2914619e-02 4.2531753e-01 8.2507074e-01 9.9428177e-01 4.3568301e-01
 7.8397393e-02 7.2280169e-03 3.1559372e-01 4.4298172e-04 9.6929598e-01
 2.9868209e-01 7.7409768e-01 2.2894454e-01 6.3462627e-01 2.1997201e-01
 3.6368752e-01 6.0189092e-01 7.7557302e-01 5.6217110e-01 4.3758523e-01]

Return
[0.3359568  0.1514777  0.22712159 0.49780238 0.41660655 0.05907035
 0.48358917 0.9510144  0.18443692 0.80922675 0.6736691  0.7259717
 0.3741299  0.8259491  0.37581384 0.63638353 0.7217064  0.11740637
 0.5044986  0.6806655  0.33910823 0.0635612  0.88439155 0.7090893
 0.6556083  0.53363514 0.59785855 0.14591455 0.22553003 0.23552942]

Delete
[0.7619957  0.8397881  0.9566295  0.3892932  0.4539348  0.73691726
 0.2161057  0.02995324 0.37722683 0.8875259  0.9520632  0.5901543
 0.13209963 0.12114167 0.0476706  0.9192476  0.49567926 0.3137809
 0.7216917  0.43754423 0.80144393 0.12030029 0.9855598  0.46254265
 0.24422932 0.3150047  0.6922293  0.51997626 0.8273784  0.24806821]

Assign
[0.75605345 0.8747642  0.04722035 0.40462172 0.36228883 0.12346482
 0.6984949  0.07853413 0.10156572 0.1868298  0.98847115 0.30054486
 0.4298123  0.16331756 0.6752722  0.9681909  0.36269355 0.80260193
 0.46974194 0.7066591  0.6903231  0.415128   0.06479084 0.28015697
 0.6741928  0.27367568 0.7128961  0.18014109 0.94767714 0.30858076]

AugAssign
[0.29828227 0.8249477  0.2603861  0.3566594  0.2664249  0.32964993
 0.9734982  0.66607153 0.9022691  0.6423646  0.05511558 0.8033874
 0.52483463 0.9902744  0.17522848 0.21172094 0.22849679 0.3193475
 0.34327948 0.9675752  0.42131698 0.5632863  0.32281804 0.9424391
 0.80087876 0.1745416  0.25335824 0.6175995  0.3712492  0.2860831 ]

Print
[0.32601488 0.43539453 0.75884676 0.09043765 0.7869239  0.8051199
 0.733165   0.9496771  0.29464662 0.38166487 0.48797488 0.11780858
 0.36752355 0.63715315 0.96905303 0.24720204 0.28615487 0.9982295
 0.29850507 0.11583579 0.8883921  0.71371603 0.8560995  0.7809881
 0.26226044 0.4537742  0.58970475 0.71878004 0.19118011 0.65794504]

For
[0.7865416  0.10853469 0.1066066  0.6199306  0.7242522  0.59291947
 0.6252364  0.7497897  0.33634293 0.368865   0.9198258  0.24260223
 0.9305004  0.24155712 0.23272431 0.6249546  0.51496685 0.4539802
 0.6038908  0.91360676 0.49950254 0.65699434 0.5895089  0.5993298
 0.05396569 0.1374985  0.7176068  0.22537076 0.07083941 0.13668323]

While
[0.25222337 0.10597849 0.47523952 0.17037022 0.17732656 0.89365125
 0.34072185 0.02532744 0.10863352 0.7644446  0.20374548 0.89449847
 0.3488375  0.37279117 0.70289457 0.2433343  0.6445484  0.7424637
 0.47045732 0.53482866 0.17186546 0.3901055  0.39293897 0.86742115
 0.9550208  0.6159159  0.9840522  0.44686902 0.54018176 0.62988865]

If
[0.83391535 0.7655872  0.39503288 0.2804737  0.35707986 0.26616538
 0.9061469  0.81728065 0.26267898 0.4840579  0.07163513 0.5011474
 0.5822427  0.96467423 0.27650213 0.04288614 0.72356594 0.9693719
 0.2780192  0.7366588  0.59787667 0.05304861 0.72355556 0.78550506
 0.82534695 0.03829908 0.4951985  0.5632727  0.04749238 0.64028037]

With
[0.72020614 0.4577328  0.5052153  0.7872666  0.6583638  0.22041857
 0.64307165 0.14421165 0.5487461  0.57481456 0.5234426  0.56058025
 0.78995264 0.51911604 0.7282469  0.808205   0.76046276 0.7799624
 0.77379215 0.9860102  0.10496092 0.4166273  0.13982701 0.18207431
 0.9785967  0.27689147 0.71838784 0.02814651 0.27952075 0.42479074]

Raise
[0.9943863  0.7984439  0.1212337  0.2409575  0.04164517 0.27200305
 0.47703636 0.96836686 0.6603826  0.25014257 0.56143475 0.8105717
 0.32690394 0.83157766 0.03961456 0.15975761 0.09726346 0.9840343
 0.6508851  0.20699537 0.32545757 0.5983231  0.45572066 0.53510094
 0.65229714 0.54532516 0.94530094 0.10845149 0.7126663  0.9147651 ]

TryExcept
[0.01854217 0.5915774  0.63466036 0.39992154 0.7418153  0.49676025
 0.16508138 0.22447133 0.37583554 0.39776492 0.77508307 0.5983927
 0.6231816  0.09293413 0.95242083 0.8738576  0.00268602 0.5841092
 0.45142245 0.24966514 0.7734177  0.5781722  0.9307406  0.41053164
 0.6286874  0.8213804  0.29933155 0.25638616 0.7577529  0.14424527]

TryFinally
[0.03891921 0.26181626 0.7172022  0.7875787  0.04149079 0.24526823
 0.5290698  0.19858027 0.34279454 0.40738416 0.9201467  0.48715794
 0.255785   0.4015628  0.54129183 0.6119231  0.6940055  0.8025123
 0.32157516 0.00914383 0.8178003  0.02754593 0.59514654 0.90063906
 0.05293441 0.1798954  0.39696133 0.5994526  0.81134    0.28071833]

Assert
[0.69006014 0.6822231  0.38060045 0.8490342  0.01384318 0.08410347
 0.39801943 0.89257944 0.90316796 0.802297   0.35181594 0.42846787
 0.9012636  0.98782957 0.06432843 0.12356508 0.27685595 0.4008205
 0.43983436 0.60346246 0.5036937  0.15446484 0.40506923 0.95798373
 0.4941846  0.7813053  0.46887982 0.8963096  0.39277303 0.7035352 ]

Import
[0.9177731  0.1741848  0.23207986 0.32208133 0.18811727 0.80493987
 0.3874539  0.27400696 0.43121493 0.7629832  0.97032356 0.8721429
 0.03280401 0.84117126 0.97204363 0.46403944 0.7350564  0.62380636
 0.99623406 0.233572   0.4927019  0.01756096 0.45893204 0.38033676
 0.47580016 0.5227184  0.7566974  0.51720893 0.84657586 0.82510364]

ImportFrom
[0.21191919 0.37171233 0.9905138  0.7526175  0.5225632  0.10031354
 0.8340093  0.73633766 0.7463311  0.7900871  0.716632   0.73445034
 0.6049696  0.9084641  0.48529112 0.61859024 0.20018268 0.6767255
 0.7141416  0.72932446 0.33765626 0.2232908  0.58295965 0.8470292
 0.11738229 0.75496984 0.6388513  0.5265082  0.40262377 0.900105  ]

Exec
[0.8634672  0.85385776 0.1765089  0.05006635 0.51034653 0.7728461
 0.53547955 0.974512   0.04265773 0.04172587 0.31295395 0.34835744
 0.65866923 0.30144966 0.12830889 0.98287344 0.41092587 0.33207464
 0.78885937 0.99238074 0.00946879 0.22150552 0.4048698  0.43381906
 0.6377202  0.9336679  0.6627134  0.15517366 0.01103485 0.17851579]

Global
[0.59357667 0.6089388  0.56048584 0.2107482  0.9488553  0.8025906
 0.96762764 0.71401536 0.07386434 0.1703229  0.68173003 0.2781942
 0.6757463  0.47560287 0.24778104 0.00907731 0.6135825  0.06414485
 0.7307354  0.8288851  0.94532514 0.12602389 0.0373801  0.7250093
 0.6524712  0.40313458 0.60353804 0.76908493 0.82429314 0.7086201 ]

Expr
[0.06907773 0.31626523 0.62254417 0.5928359  0.9095453  0.19912434
 0.91902304 0.26752317 0.27811503 0.8227943  0.46507943 0.701545
 0.22557569 0.6902324  0.19997561 0.96275437 0.24477398 0.28951013
 0.27639568 0.9462757  0.0064925  0.05715835 0.72419655 0.7190236
 0.7565414  0.8411324  0.9815725  0.95711994 0.12679446 0.08744311]

Pass
[0.3817451  0.3809942  0.7008319  0.98641634 0.05394554 0.34536958
 0.63988507 0.80217063 0.6946281  0.51938546 0.7026762  0.7712586
 0.37176096 0.06142318 0.36296058 0.08504617 0.2896242  0.09578609
 0.09226489 0.0389744  0.5612351  0.84375715 0.3433982  0.27836192
 0.93643093 0.43934608 0.7122712  0.80415356 0.92054963 0.8080164 ]

Break
[0.780926   0.41170776 0.59203327 0.842314   0.02860916 0.5383152
 0.2042675  0.4667058  0.41598165 0.32603598 0.74436414 0.7620075
 0.73068976 0.81641245 0.35715282 0.49767756 0.20761275 0.17022967
 0.35275912 0.72020257 0.320498   0.7706927  0.21260524 0.13496101
 0.86792994 0.15408921 0.3756808  0.77282906 0.51369965 0.6267005 ]

Continue
[0.65550077 0.12910128 0.4938233  0.8894446  0.15317154 0.23450613
 0.3536893  0.8366598  0.5261916  0.6198237  0.36010873 0.0538013
 0.48659337 0.6180241  0.2556392  0.09583855 0.06389499 0.93508375
 0.9889251  0.6844951  0.80205894 0.13582146 0.02706707 0.37268412
 0.9852184  0.29723454 0.9458003  0.96129274 0.63336694 0.6236839 ]

attributes
[0.93279886 0.87538683 0.9726801  0.9137473  0.3500005  0.8757597
 0.27601576 0.6043489  0.36887753 0.2695874  0.08815265 0.8856845
 0.0499872  0.5744637  0.29080617 0.7552073  0.33835936 0.01374483
 0.8267677  0.19541276 0.9033115  0.23831618 0.02846646 0.7351185
 0.05317593 0.6839602  0.5260165  0.43214    0.3379022  0.5067532 ]

BoolOp
[6.00178123e-01 3.44859958e-01 6.63166523e-01 7.33146071e-01
 1.00115776e-01 7.67783165e-01 7.44472742e-01 6.96712613e-01
 2.01584101e-01 9.41928625e-02 8.31737161e-01 9.62018967e-05
 2.96892524e-01 1.96740389e-01 1.44035816e-01 5.39664745e-01
 6.29330873e-01 9.58025932e-01 9.79753256e-01 6.59301281e-01
 9.43435550e-01 3.92319918e-01 6.48916364e-01 3.88603210e-01
 8.94719720e-01 4.99664903e-01 1.40287638e-01 8.90191555e-01
 1.80163503e-01 3.98122549e-01]

BinOp
[0.22483349 0.49979317 0.6015326  0.6655847  0.04589999 0.56333995
 0.3895918  0.54690766 0.57936954 0.18230152 0.3046311  0.71673465
 0.75713193 0.5415808  0.46981215 0.5593101  0.49004793 0.02486145
 0.5847968  0.33435726 0.03015006 0.5443362  0.754001   0.20849752
 0.8952118  0.786059   0.77216077 0.40667224 0.53875506 0.77869093]

UnaryOp
[0.3480816  0.35414386 0.42401838 0.6533601  0.00796366 0.26776624
 0.9214201  0.6442077  0.38455415 0.40074813 0.16873395 0.15919542
 0.13904715 0.2586218  0.20227802 0.30713248 0.4644562  0.2252891
 0.8387271  0.73273623 0.01664448 0.1546961  0.20410597 0.14203751
 0.702037   0.32192075 0.97943187 0.94523203 0.78142    0.8767686 ]

Lambda
[1.4675379e-01 3.5229731e-01 8.6342347e-01 3.9844382e-01 3.0087233e-01
 6.7698598e-01 8.5560989e-01 2.6282477e-01 2.7368319e-01 7.5411189e-01
 7.4203861e-01 6.3679659e-01 8.8890624e-01 9.7867095e-01 6.4957500e-02
 4.0647817e-01 2.2847474e-01 6.3119555e-01 9.9345350e-01 1.5030241e-01
 6.8903434e-01 3.4859788e-01 2.2307730e-01 8.2065630e-01 6.8792343e-02
 5.4937255e-01 9.0003014e-04 1.0801935e-01 9.8188293e-01 8.5200822e-01]

IfExp
[0.11435175 0.37420547 0.51673436 0.6255621  0.18040276 0.93218505
 0.17714155 0.30754888 0.00710452 0.6426785  0.8475324  0.09697831
 0.27191484 0.10483158 0.3844266  0.8792834  0.6969974  0.6483669
 0.10392237 0.3691193  0.21727502 0.47421217 0.02041316 0.70066
 0.3151375  0.37436068 0.37554765 0.45888162 0.995968   0.8676251 ]

Dict
[0.7043787  0.36843717 0.37539196 0.5094328  0.80088377 0.8482493
 0.5576345  0.64778423 0.11600089 0.29740763 0.06904936 0.19680607
 0.0928328  0.6206405  0.06020939 0.64850235 0.44346273 0.5270847
 0.5758269  0.9606235  0.8064593  0.11207664 0.59764886 0.3869059
 0.90507245 0.420671   0.6044818  0.01133919 0.29075456 0.6604333 ]

Set
[0.7093723  0.12019312 0.7444178  0.51800966 0.93863213 0.8039398
 0.06452227 0.27558875 0.1915338  0.19393635 0.20241797 0.5144211
 0.44285476 0.67605066 0.15564382 0.74769616 0.09446514 0.3918339
 0.9298856  0.52820945 0.34464312 0.31750154 0.79449725 0.30928743
 0.60376227 0.6960515  0.9730892  0.5110817  0.38225317 0.43900478]

ListComp
[0.7962487  0.44660795 0.13324475 0.51696825 0.6065978  0.65459037
 0.6849873  0.19110835 0.8858775  0.55300856 0.49816227 0.03343725
 0.05180228 0.85787857 0.9524951  0.16954613 0.7632365  0.2524202
 0.5450021  0.7585734  0.9680743  0.99613845 0.5505605  0.958606
 0.12705743 0.48131645 0.8211036  0.94206583 0.8335142  0.2658142 ]

SetComp
[0.26597655 0.13559628 0.8544235  0.75073993 0.29170597 0.1609546
 0.12409127 0.8180195  0.24727488 0.2601694  0.32773244 0.8797159
 0.51681113 0.3401605  0.34111345 0.4712324  0.36938667 0.00239491
 0.5640557  0.34504902 0.8365935  0.397848   0.08402908 0.672546
 0.36961877 0.06799281 0.1932509  0.9412483  0.8737793  0.43759763]

DictComp
[0.6816722  0.62789834 0.5997268  0.94629717 0.92622256 0.3624816
 0.877244   0.84815764 0.37069702 0.8338599  0.1704421  0.8177866
 0.04444647 0.5243387  0.3915118  0.4402671  0.76322854 0.8532995
 0.46471107 0.61728525 0.7504586  0.26195288 0.44756472 0.85232854
 0.59490514 0.88027203 0.68139446 0.16811919 0.7435852  0.75726664]

GeneratorExp
[0.7149892  0.9081321  0.857538   0.50590765 0.20100462 0.2831124
 0.728894   0.5620005  0.6812016  0.25081778 0.26758647 0.56148934
 0.6708722  0.96889985 0.7512388  0.89063    0.14040041 0.6753404
 0.57920825 0.07794654 0.63595676 0.58995867 0.8922199  0.17032635
 0.95742786 0.5969075  0.76294756 0.49827552 0.79663396 0.3832246 ]

Yield
[0.7703997  0.9952339  0.3743646  0.4227438  0.9138948  0.41505015
 0.28823888 0.11672115 0.65691173 0.34078455 0.66589344 0.90754473
 0.03589165 0.5631522  0.40663695 0.61773384 0.06839478 0.12504196
 0.16555035 0.2760979  0.7117003  0.4257959  0.47092927 0.71384656
 0.70748353 0.6848819  0.26737666 0.96000993 0.42727554 0.7847332 ]

Compare
[0.11018991 0.5153899  0.500504   0.7116507  0.683846   0.8705194
 0.92004144 0.6573411  0.62064946 0.22870386 0.22591674 0.03304899
 0.82951677 0.9795104  0.08256912 0.8350867  0.49206483 0.8076887
 0.6036664  0.7638942  0.45587027 0.99907815 0.36013114 0.47820175
 0.28451657 0.60840094 0.94807184 0.5032939  0.98133457 0.26947773]

Call
[0.5653558  0.73009694 0.61518466 0.35655916 0.84540343 0.9238926
 0.5644722  0.08356619 0.5036684  0.44983435 0.93369997 0.6116257
 0.16152275 0.33342707 0.23823094 0.95446    0.21008348 0.38482463
 0.08836305 0.84157825 0.8109231  0.24740922 0.38931882 0.3445723
 0.5987685  0.58576775 0.6251937  0.5664631  0.10688877 0.37546754]

Repr
[0.7236507  0.8914721  0.8892678  0.12309754 0.28873086 0.6303412
 0.59894586 0.6595485  0.55135226 0.4555987  0.01924634 0.05886865
 0.818946   0.44331944 0.3481933  0.6974013  0.08660507 0.7512852
 0.30342174 0.7687895  0.8091434  0.6018003  0.35424376 0.50033116
 0.03227031 0.56930256 0.5646312  0.0968554  0.2641083  0.69028044]

Num
[0.07724977 0.8585621  0.8876543  0.1373483  0.12623334 0.8996711
 0.4925233  0.19914377 0.5428879  0.31802678 0.82068837 0.47551203
 0.35432124 0.3966825  0.43060172 0.85058534 0.19342625 0.1926353
 0.6072712  0.08446479 0.4334736  0.6390165  0.41216052 0.02536404
 0.47384477 0.29675066 0.13317776 0.69194686 0.71024585 0.80117786]

Str
[0.57821274 0.44573188 0.07296216 0.06577992 0.29450917 0.6181885
 0.2934196  0.4304198  0.794706   0.06346154 0.098454   0.6189928
 0.39966905 0.31674504 0.3355857  0.8250537  0.4257655  0.5206188
 0.7762898  0.76325715 0.35209072 0.51761246 0.20312619 0.0292182
 0.9781643  0.70426583 0.37545967 0.6043427  0.79549766 0.1501621 ]

Attribute
[0.11100018 0.8866594  0.9270797  0.8402482  0.12964332 0.57083476
 0.2214725  0.16674495 0.23130035 0.22126698 0.28743815 0.82012606
 0.66223574 0.3487847  0.29957962 0.4357313  0.5186391  0.35525942
 0.03711379 0.48593712 0.70240223 0.25871015 0.07394326 0.4948461
 0.02497566 0.5369916  0.29838657 0.9491447  0.57746875 0.7752867 ]

Subscript
[0.20105243 0.0158664  0.56348217 0.6355022  0.1741432  0.0066731
 0.45855665 0.6369387  0.84754837 0.20044541 0.39056396 0.33710063
 0.5421463  0.9887204  0.2878728  0.9079361  0.36737156 0.33599102
 0.8896241  0.36559963 0.43978298 0.7717482  0.45641518 0.6228186
 0.4076587  0.9965974  0.9424107  0.6406535  0.02856207 0.98869896]

Name
[0.62049735 0.41235018 0.00504911 0.12104547 0.7353499  0.5494064
 0.06553268 0.43951964 0.20086277 0.5694481  0.9341999  0.10792935
 0.916752   0.30540335 0.25233233 0.94322705 0.4584223  0.05060768
 0.01511657 0.5050379  0.1482569  0.42454362 0.7509936  0.48812437
 0.55909455 0.30168188 0.42766786 0.8048285  0.4904927  0.65897787]

List
[0.35438251 0.86929214 0.77851737 0.10773385 0.27473056 0.4289111
 0.37499642 0.60661507 0.46830857 0.84451675 0.6536256  0.8464768
 0.45121658 0.26113117 0.11762106 0.471385   0.0074749  0.8038789
 0.04850388 0.62361646 0.8711519  0.02682507 0.7492827  0.7767217
 0.7355145  0.26105714 0.34320712 0.02092803 0.34333146 0.21533334]

Tuple
[0.62493753 0.467507   0.6677264  0.38338792 0.79872036 0.41136348
 0.50825226 0.7883953  0.52003944 0.22797501 0.09793389 0.7876388
 0.8185736  0.5676693  0.11028099 0.09452808 0.70708776 0.39382267
 0.94263923 0.4647256  0.8224821  0.14919889 0.6300068  0.81679785
 0.03956234 0.65684247 0.2107265  0.47646606 0.26825893 0.39303803]

Load
[0.15416968 0.17652452 0.25567126 0.72270703 0.2505926  0.02798569
 0.79096925 0.37730813 0.24458587 0.29339075 0.2500503  0.15357876
 0.9972968  0.8072474  0.595845   0.64073265 0.17934072 0.94361925
 0.7218375  0.33772743 0.9056556  0.15168595 0.7152449  0.7071457
 0.7822039  0.50353146 0.2576294  0.6603569  0.9310087  0.34552908]

Store
[0.7473546  0.6232152  0.643458   0.8485215  0.4949894  0.5674895
 0.95472276 0.5869566  0.4521953  0.48596907 0.30062056 0.738016
 0.52031195 0.12590611 0.06310534 0.82640076 0.32343674 0.19186556
 0.14752066 0.61688256 0.24147987 0.8879466  0.36494827 0.5536189
 0.20092058 0.68358386 0.6429988  0.20493007 0.22218084 0.45221984]

Del
[0.01100659 0.9646934  0.7802434  0.74532735 0.590158   0.6350615
 0.84908557 0.0377717  0.86893904 0.87562835 0.9879292  0.98875177
 0.66642463 0.08901906 0.16621482 0.7882689  0.86549616 0.8297086
 0.51226246 0.71702147 0.68771315 0.18554151 0.20379508 0.38827622
 0.3882283  0.40794277 0.48342478 0.9021573  0.69844437 0.4048189 ]

AugLoad
[0.7628914  0.58137226 0.89354634 0.896865   0.5862818  0.92457163
 0.33664262 0.39698207 0.9059626  0.662601   0.29035056 0.6920687
 0.67701876 0.5718378  0.27531958 0.58671355 0.66651034 0.83420026
 0.24377275 0.38295162 0.10957444 0.8187674  0.6712822  0.30416346
 0.46758187 0.09435511 0.42469442 0.22503567 0.6295793  0.90712476]

AugStore
[0.18744874 0.6567843  0.38037813 0.6219151  0.68025184 0.6784253
 0.364236   0.9707211  0.79573226 0.7094128  0.12118387 0.45608103
 0.17905986 0.31811035 0.71660614 0.63785434 0.47910845 0.8184978
 0.97099566 0.61246395 0.9406631  0.7342411  0.9517467  0.56910264
 0.05414724 0.6405752  0.89076126 0.2589457  0.81370795 0.67765534]

Param
[0.6778774  0.3287989  0.40308726 0.56885874 0.15370655 0.18179584
 0.36387753 0.10567415 0.3868699  0.23987699 0.9221761  0.6106992
 0.35836256 0.94928896 0.67298925 0.6608367  0.54852223 0.05046844
 0.67340195 0.90579295 0.35209477 0.87012947 0.6946113  0.9188888
 0.8379264  0.04081857 0.06993532 0.30381393 0.45307338 0.9698497 ]

Ellipsis
[0.71458733 0.07345009 0.8631214  0.2319107  0.94694364 0.3168236
 0.5724437  0.6024585  0.7209177  0.7231169  0.22070754 0.44563878
 0.4727434  0.9418702  0.22637188 0.68031883 0.32539308 0.01779926
 0.15650988 0.6238419  0.26512337 0.20645165 0.5260545  0.703403
 0.2731136  0.10393059 0.21694922 0.6102071  0.7530379  0.8081076 ]

Slice
[0.33705676 0.61879885 0.35019565 0.9010383  0.18993318 0.803779
 0.27969575 0.1649034  0.5433384  0.83387923 0.26313555 0.28001297
 0.20532894 0.01927936 0.36671388 0.09237814 0.78873956 0.4509641
 0.1969552  0.23867702 0.8957094  0.7335372  0.8178508  0.9989892
 0.17985928 0.8108641  0.4680674  0.90499556 0.5488734  0.3089584 ]

ExtSlice
[0.31589866 0.5074792  0.883273   0.9400941  0.13335812 0.3338412
 0.55154157 0.3698187  0.1945461  0.33937788 0.4807614  0.42424345
 0.14157772 0.4106965  0.902516   0.62308955 0.6430104  0.01033664
 0.9057535  0.10338914 0.47716832 0.76849115 0.23962593 0.44048536
 0.727252   0.7909708  0.14301753 0.7152802  0.52177465 0.2840954 ]

Index
[0.97949755 0.39605296 0.6303669  0.34597826 0.16292536 0.76069474
 0.28666496 0.23316312 0.713117   0.19678462 0.9073504  0.8567432
 0.01689219 0.99805987 0.5575292  0.6212299  0.08378172 0.4281268
 0.04766655 0.23381901 0.02702737 0.46033752 0.5647789  0.7077466
 0.6921623  0.25330925 0.36445522 0.72292066 0.96652555 0.48482656]

And
[0.5181283  0.5370034  0.10242021 0.8985245  0.75867033 0.25981724
 0.9853591  0.9293853  0.45534766 0.6813289  0.11182451 0.9592687
 0.53372097 0.9170526  0.32872057 0.16544926 0.15297866 0.19249952
 0.09768403 0.59096587 0.34174693 0.35388637 0.44772625 0.590907
 0.7379068  0.5403042  0.10130358 0.07160449 0.00524092 0.9864719 ]

Or
[0.36042118 0.39675987 0.41439223 0.69657063 0.3736472  0.6218705
 0.9011848  0.28919947 0.8416753  0.5859908  0.5891968  0.48700178
 0.60924435 0.07074285 0.25402308 0.45902157 0.47252226 0.6136615
 0.95346844 0.08811605 0.94546497 0.82085395 0.10328627 0.7892082
 0.48377132 0.2591282  0.6328367  0.841045   0.8793262  0.73633516]

Add
[0.89159405 0.133201   0.7204447  0.9131285  0.13835227 0.8882885
 0.588238   0.5139054  0.26240528 0.96071255 0.14416564 0.61998093
 0.67129457 0.07476926 0.6374618  0.18352759 0.725376   0.97861135
 0.1256057  0.8569107  0.73802483 0.5173713  0.5599762  0.12979221
 0.5437155  0.43778396 0.11190629 0.1303953  0.8357501  0.07454228]

Sub
[0.66531014 0.34667635 0.43288124 0.38102782 0.17972171 0.0987407
 0.8625573  0.18431842 0.6822294  0.9156356  0.03283763 0.27164376
 0.3620962  0.6365788  0.5409155  0.6797825  0.09044683 0.554247
 0.28698397 0.43262017 0.7699553  0.42767334 0.89513445 0.699425
 0.8989214  0.8639716  0.69008005 0.68578684 0.64573956 0.12582314]

Mult
[0.6631155  0.03285396 0.7647847  0.38981164 0.398399   0.1346072
 0.24072063 0.70499325 0.69739807 0.46779954 0.44352078 0.7146336
 0.25313878 0.6552532  0.38334882 0.3115753  0.81666327 0.96115553
 0.6052941  0.52220094 0.9850868  0.6927693  0.45096827 0.21832728
 0.60063124 0.09325325 0.9362694  0.23667216 0.36803722 0.11352193]

Div
[0.91925645 0.31525433 0.37637687 0.36088884 0.39990425 0.20461619
 0.15863574 0.95963895 0.9482795  0.9881586  0.3954835  0.75083816
 0.90297806 0.95273757 0.62535965 0.84839344 0.25599623 0.30802047
 0.21969986 0.9094517  0.84441996 0.15555584 0.84473515 0.36230445
 0.526229   0.06863701 0.2523961  0.2805543  0.41675472 0.91388285]

Mod
[0.93943787 0.8189925  0.9249321  0.4155277  0.36686826 0.1975367
 0.8725898  0.46890342 0.47247207 0.38749623 0.10204613 0.7370075
 0.32556903 0.12540555 0.53024936 0.11687589 0.08638918 0.1373663
 0.9417788  0.32822645 0.05558801 0.2712685  0.4671769  0.38925505
 0.02333224 0.91077185 0.5622499  0.4576187  0.21181953 0.3024552 ]

Pow
[0.37866223 0.14334726 0.19540966 0.20934403 0.32709992 0.19631445
 0.07337403 0.32619667 0.82038105 0.11030316 0.5431143  0.00800455
 0.6407149  0.12716758 0.06763172 0.94320786 0.78603685 0.27879143
 0.21583223 0.49783373 0.11710179 0.8047315  0.5877576  0.06319261
 0.770309   0.23438168 0.34844005 0.07765543 0.67561173 0.5392468 ]

LShift
[0.09044576 0.18775725 0.8300061  0.5049248  0.65879214 0.33880818
 0.87768805 0.7921314  0.776507   0.55041325 0.20254266 0.17920578
 0.4183892  0.7782892  0.9871751  0.4802959  0.87942743 0.9630232
 0.47182608 0.45450294 0.23327732 0.58512735 0.3505578  0.15899158
 0.07334423 0.47224534 0.48681378 0.35354805 0.07479346 0.47384572]

RShift
[0.34624064 0.82523215 0.43761468 0.422956   0.28416908 0.29615283
 0.6456549  0.87503755 0.57417715 0.14242339 0.4587345  0.552459
 0.10799646 0.9145596  0.07216418 0.55107546 0.29582644 0.30267632
 0.90871954 0.44242537 0.51174426 0.9800849  0.42499912 0.82430315
 0.2306354  0.3103577  0.5368124  0.37798333 0.96722555 0.77803314]

BitOr
[0.5400615  0.10125279 0.7269759  0.20370328 0.20612097 0.18893003
 0.81853735 0.2766366  0.6459931  0.7397866  0.81594276 0.40402472
 0.85874677 0.66118443 0.01624072 0.19743419 0.39036667 0.21343231
 0.32615864 0.32904434 0.477646   0.583653   0.28535557 0.7481135
 0.3908831  0.75174785 0.27857578 0.42697084 0.88780534 0.62099564]

BitXor
[0.5099244  0.1914953  0.88399017 0.8410249  0.88872147 0.4215119
 0.6276039  0.50098836 0.35693908 0.14264798 0.7352861  0.83379066
 0.2284677  0.3269471  0.5955477  0.85380125 0.05780482 0.60576606
 0.9986191  0.7909094  0.348655   0.7982285  0.04368162 0.05414033
 0.19538379 0.22806597 0.43714654 0.21771884 0.95123744 0.43946445]

BitAnd
[0.8256866  0.16067576 0.20690179 0.547838   0.6064341  0.5099484
 0.30179822 0.69303143 0.6887796  0.796733   0.02058411 0.69582903
 0.9842255  0.39999866 0.31295586 0.13178289 0.06118917 0.11630678
 0.6699606  0.51008415 0.74078846 0.3149147  0.22720134 0.26037848
 0.7894895  0.87728226 0.82650256 0.19381595 0.68017066 0.6161883 ]

FloorDiv
[0.21317816 0.34622145 0.29822874 0.29357827 0.00708425 0.43586612
 0.13577998 0.9424759  0.91409767 0.6643059  0.25013125 0.11228776
 0.22495306 0.96339464 0.31088948 0.59059    0.60601735 0.9870062
 0.91186047 0.01906526 0.645113   0.54703736 0.3134898  0.18842316
 0.27068686 0.97590184 0.8989748  0.23622942 0.81615436 0.20606685]

Invert
[0.99619114 0.76033473 0.6394577  0.7929832  0.48500967 0.5633662
 0.62107337 0.74940276 0.21098578 0.59562755 0.77261853 0.6579592
 0.48271167 0.4260764  0.23298895 0.10963631 0.62152517 0.51796687
 0.7071825  0.25159955 0.45705032 0.24642873 0.23721993 0.48492277
 0.84568274 0.975651   0.7907686  0.06862426 0.51741207 0.8021234 ]

Not
[0.0758363  0.78216267 0.7084621  0.7896955  0.23884737 0.7669846
 0.6036637  0.3200822  0.5192367  0.36837947 0.91550696 0.49592245
 0.3358009  0.36293185 0.6570779  0.3059888  0.07943785 0.9316286
 0.2502364  0.27243614 0.58645034 0.7526703  0.47938788 0.25893736
 0.16028917 0.8321681  0.4323299  0.6493945  0.06644225 0.20606983]

UAdd
[0.06542206 0.30386198 0.00670969 0.0032146  0.5958674  0.1747415
 0.21490812 0.2721181  0.72344196 0.7794074  0.9524671  0.38948882
 0.47707927 0.49269164 0.95673597 0.5044466  0.68582034 0.4749477
 0.3278731  0.25992358 0.08302379 0.6604395  0.7096956  0.25689876
 0.54872656 0.8507092  0.01546383 0.28281558 0.8392389  0.77101195]

USub
[0.16547132 0.55623674 0.5775521  0.31304443 0.9204099  0.49438345
 0.47545314 0.8879231  0.38939285 0.4070902  0.3078295  0.88197434
 0.46209645 0.5953802  0.4667542  0.36311853 0.44104517 0.3552376
 0.38492703 0.51187193 0.3705119  0.89250815 0.73006356 0.38509417
 0.7273936  0.8574233  0.58218193 0.12233877 0.71185505 0.66563284]

Eq
[0.99084127 0.19014335 0.21006298 0.82827985 0.4512893  0.48632658
 0.24173462 0.6980926  0.8660886  0.00582814 0.64615643 0.37145746
 0.771525   0.8555764  0.54626596 0.46242118 0.33597994 0.07445621
 0.99415004 0.8566294  0.7045269  0.15602374 0.180004   0.19195938
 0.09845531 0.54529536 0.34441316 0.9629736  0.16818309 0.87268186]

NotEq
[0.05423689 0.3613155  0.18043113 0.875821   0.5923438  0.11219466
 0.6752385  0.21757281 0.35673833 0.9380537  0.33839786 0.84287775
 0.9162065  0.23038995 0.62183607 0.9620203  0.70758426 0.03190982
 0.86764324 0.39553595 0.5000982  0.08726597 0.5577575  0.8505974
 0.24912155 0.9554312  0.15374589 0.41906214 0.01446307 0.18781865]

Lt
[0.01663768 0.00975525 0.2446773  0.5169871  0.84240353 0.17755914
 0.75992584 0.48943686 0.504997   0.4928596  0.3799126  0.15608048
 0.26160622 0.05377376 0.6259297  0.4113965  0.41016138 0.9025142
 0.7244046  0.19504142 0.7639859  0.29808998 0.33847773 0.6197269
 0.5275699  0.45416927 0.38870418 0.30137157 0.31985366 0.49588227]

LtE
[0.81800497 0.4925896  0.7540928  0.4192419  0.8237605  0.2894392
 0.6381265  0.7371683  0.99899757 0.8955201  0.1156565  0.89592373
 0.85270584 0.3625151  0.8521447  0.5985024  0.71040034 0.26421857
 0.55089796 0.37459576 0.8055272  0.27975047 0.61989725 0.26201808
 0.08244133 0.91931856 0.2873006  0.03996074 0.8504813  0.36510682]

Gt
[0.39924252 0.11028314 0.7900958  0.7083626  0.4087733  0.80485153
 0.401623   0.83565795 0.08378935 0.7889712  0.07222641 0.78066194
 0.32044697 0.97535706 0.7661853  0.8740642  0.43874252 0.3678869
 0.8156947  0.6877154  0.849349   0.7125871  0.7316468  0.40412796
 0.8631954  0.2024349  0.41858375 0.70011115 0.5118116  0.2978853 ]

GtE
[0.00985825 0.48395228 0.38924062 0.7720394  0.53351736 0.52269244
 0.8964088  0.83499455 0.54011536 0.303787   0.79713607 0.2629491
 0.5285617  0.01731956 0.7782302  0.7217772  0.05035722 0.8438349
 0.8519019  0.3650999  0.00559306 0.8913033  0.50253594 0.7738606
 0.5718665  0.2986002  0.44362223 0.16444361 0.22821891 0.01557422]

Is
[0.35513365 0.01789033 0.47868514 0.22753298 0.79055405 0.10996234
 0.901029   0.13562286 0.54699826 0.3674916  0.47770333 0.17499828
 0.22163534 0.34672904 0.22269619 0.08373713 0.00667751 0.83756053
 0.49432766 0.39545906 0.24885821 0.13996148 0.69813395 0.7311827
 0.15444946 0.15641844 0.7295233  0.16030371 0.47078466 0.42879236]

IsNot
[0.19920981 0.847165   0.6463802  0.25027692 0.09068489 0.99434745
 0.9090909  0.16239893 0.06363034 0.06624329 0.15284121 0.13318527
 0.47247922 0.33706748 0.17862427 0.8061565  0.60688746 0.41677558
 0.04570949 0.55510795 0.6563059  0.85938    0.80047977 0.94245195
 0.87394345 0.03140545 0.80325603 0.87671673 0.65380883 0.89746153]

In
[0.3946588  0.22866094 0.06386244 0.14244008 0.30419433 0.10171533
 0.3298707  0.40453172 0.9880611  0.8664861  0.23687685 0.41161966
 0.74144065 0.7697505  0.62716067 0.01396954 0.4359306  0.8488178
 0.9098412  0.5132437  0.15206063 0.60711014 0.10163987 0.5782076
 0.64496386 0.4374565  0.3066969  0.22589457 0.7985501  0.89126694]

NotIn
[0.84416366 0.43483424 0.6461806  0.7059543  0.905512   0.07338345
 0.38091576 0.87079537 0.43828177 0.61917806 0.8728101  0.49800658
 0.326046   0.36883152 0.00536132 0.36157036 0.4627949  0.69961977
 0.11607444 0.78418255 0.11346006 0.19312716 0.91940653 0.53048515
 0.49169278 0.8741555  0.3816427  0.93542206 0.08261192 0.20285392]

comprehension
[0.63515794 0.0335902  0.7578993  0.9159453  0.8928784  0.53881705
 0.8918178  0.7121813  0.93763256 0.28830016 0.20598197 0.9927881
 0.90354097 0.43790698 0.17006183 0.20754957 0.18821001 0.9267063
 0.13691628 0.21826184 0.07386351 0.46438563 0.56269765 0.21984732
 0.82364166 0.6440358  0.9137114  0.7916949  0.28339863 0.67902577]

ExceptHandler
[0.36171043 0.1145494  0.80409396 0.84419227 0.812832   0.42318094
 0.20231056 0.7868705  0.53363025 0.04694545 0.12698448 0.42196488
 0.6947504  0.16302097 0.9737197  0.66557384 0.19748151 0.19047058
 0.19856572 0.11609077 0.4104091  0.25958538 0.57019997 0.70889723
 0.8246087  0.184533   0.9795964  0.9653696  0.60366654 0.4404205 ]

arguments
[0.20382285 0.9661578  0.13842261 0.5472846  0.9685885  0.99633265
 0.53370917 0.9792155  0.47174823 0.90798044 0.8585782  0.33862627
 0.40341353 0.49531734 0.8362552  0.22952807 0.4100721  0.35228848
 0.4489231  0.57554924 0.87366915 0.9107038  0.17270708 0.53673744
 0.10470736 0.6389917  0.05157936 0.81958604 0.5082102  0.7657565 ]

keyword
[5.05820870e-01 5.27683258e-01 5.82518697e-01 1.78074241e-01
 5.61522245e-01 7.50220418e-01 8.33444953e-01 3.50533009e-01
 7.30356336e-01 2.03949809e-01 2.22206116e-04 5.19980907e-01
 7.34432578e-01 6.55325770e-01 4.16806698e-01 8.63370538e-01
 8.38628769e-01 7.89082170e-01 7.98395157e-01 6.80938601e-01
 6.45018220e-01 6.81471586e-01 9.06826735e-01 3.94366503e-01
 6.57258868e-01 6.66121960e-01 3.34403396e-01 2.53346086e-01
 4.04059410e-01 1.15930915e-01]

alias
[0.0179137  0.13024962 0.82099986 0.73595715 0.46036458 0.07612455
 0.56359756 0.8035438  0.698223   0.10235691 0.63795817 0.66312206
 0.6133926  0.7522129  0.705083   0.47411633 0.5772594  0.53384066
 0.6890056  0.47223926 0.6812972  0.9145367  0.7668686  0.9469967
 0.59437335 0.45445824 0.9341792  0.5385227  0.12963283 0.4077736 ]

arg
[0.34649873 0.3756051  0.2383275  0.9466059  0.35010004 0.91969466
 0.13237715 0.7737845  0.457348   0.12350869 0.2786516  0.8463161
 0.48415482 0.45785475 0.8071703  0.35881555 0.8853898  0.04124975
 0.97068703 0.5176468  0.5858203  0.33593488 0.91086864 0.00180066
 0.54484713 0.6161182  0.2577201  0.7203913  0.5930983  0.84246826]

Starred
[0.5569658  0.3947624  0.7627456  0.24469817 0.04432833 0.993044
 0.27143562 0.37859452 0.8616928  0.38989317 0.34364963 0.9396541
 0.9588989  0.70813763 0.8552544  0.7099074  0.20036876 0.5617707
 0.92789245 0.07443452 0.2724527  0.02294135 0.13781059 0.92013526
 0.46570325 0.07635713 0.94820094 0.75084794 0.33480144 0.40450525]

NameConstant
[0.28105974 0.30212033 0.62836266 0.3124267  0.67783165 0.9483695
 0.7850617  0.80706155 0.2843194  0.27872705 0.23955345 0.21576226
 0.4626422  0.09477723 0.9747348  0.2790326  0.43466592 0.94657683
 0.47997618 0.8190347  0.11742699 0.41664827 0.30196536 0.2783867
 0.66887367 0.7704309  0.25777638 0.2497834  0.75691557 0.7340238 ]

Try
[0.5688946  0.9944613  0.15889537 0.38001573 0.40343666 0.04270816
 0.426247   0.314448   0.572732   0.46434772 0.535678   0.7923548
 0.3594203  0.1543113  0.04936767 0.7468662  0.3021741  0.3410771
 0.74416554 0.24605644 0.6041994  0.38524592 0.49836326 0.37386978
 0.05549562 0.0702126  0.81891763 0.04734027 0.5188167  0.41663754]

AnnAssign
[0.24533176 0.01936662 0.5899874  0.78085315 0.28593934 0.7371086
 0.71394956 0.37561512 0.36060476 0.931025   0.21471524 0.40239143
 0.4031304  0.4536016  0.54143524 0.09189737 0.10720503 0.19309437
 0.7273438  0.18557751 0.6512191  0.91255975 0.9955306  0.5929669
 0.15527761 0.2152288  0.9686159  0.17700374 0.53604066 0.32850182]

JoinedStr
[0.46718073 0.06768715 0.62284386 0.23900771 0.27321053 0.92726517
 0.01347172 0.05143058 0.07599819 0.01015973 0.3415475  0.81275105
 0.2151562  0.41069913 0.69176245 0.9639976  0.00683117 0.18724084
 0.63516665 0.9703599  0.00373554 0.5363463  0.8923223  0.6552644
 0.09624279 0.07813668 0.7177056  0.8924184  0.7239058  0.8999171 ]

FormattedValue
[0.52476144 0.34134257 0.84312403 0.85768926 0.1044873  0.21754026
 0.18969655 0.7179775  0.8762374  0.04817641 0.44937348 0.25161898
 0.3992635  0.36130106 0.1851207  0.80509007 0.79637766 0.4141761
 0.22188449 0.58235323 0.94683754 0.7891334  0.90822625 0.80030954
 0.9739046  0.06016374 0.08417583 0.7812575  0.22879124 0.7540653 ]

Nonlocal
[0.7901499  0.17854655 0.21042871 0.6638223  0.45625734 0.3158027
 0.5865896  0.09812474 0.07874787 0.47969198 0.38506126 0.31188166
 0.77821374 0.67422533 0.5639876  0.6998576  0.3926704  0.27174616
 0.00491858 0.51414406 0.7312604  0.10024238 0.7692877  0.7398418
 0.77043045 0.27009892 0.128865   0.4811362  0.7935145  0.6039394 ]

