10 0.000003
100 0.000040
500 0.000865
1000 0.003463
2000 0.013723
3000 0.027830
4000 0.034854
5000 0.079570
6000 0.081830
7000 0.134120
8000 0.172894
9000 0.245108
10000 0.249009
11000 0.321530
12000 0.373590
13000 0.466381
14000 0.530822
15000 0.646255
17000 0.730632
20000 1.075747
16000 0.707722
19000 1.004579
22000 1.249614
18000 0.874281
21000 1.197552
27000 1.948311
28000 2.095895
23000 1.414001
26000 1.799431
25000 1.684198
24000 1.539097
29000 2.245119
31000 2.566492
30000 2.409084
38000 3.880910
39000 4.081036
32000 2.737748
33000 2.910707
34000 3.099681
45000 5.416528
35000 3.305662
36000 3.464456
37000 3.667704
48000 6.160935
40000 4.267290
55000 8.119913
41000 4.512642
58000 9.008281
43000 4.937983
42000 4.747382
59000 9.339526
44000 5.190836
61000 9.994323
63000 10.628985
46000 5.663993
64000 10.979268
68000 12.371068
47000 5.911830
70000 13.123180
69000 12.797768
49000 6.420068
75000 15.074406
50000 6.717579
73000 14.268695
51000 6.973045
52000 7.250339
79000 16.722651
54000 7.794225
53000 7.521556
84000 18.958284
56000 8.387689
65000 11.317571
86000 19.665881
57000 8.698011
60000 9.639146
96000 26.303012
85000 19.060439
62000 10.284710
97000 24.488431
66000 11.665157
72000 13.914348
83000 18.248429
67000 12.101584
71000 13.519205
74000 14.681434
91000 21.874511
77000 15.100637
76000 15.479140
78000 16.285151
81000 17.577560
80000 17.224506
94000 22.398612
82000 18.022925
98000 20.746157
95000 23.194177
99000 20.891701
90000 19.778181
87000 19.196925
88000 20.508966
89000 20.382026
92000 20.814876
93000 22.604209
100000 23.474779
