10 0.000004
100 0.000053
500 0.001200
1000 0.004795
2000 0.015864
3000 0.026522
4000 0.071274
5000 0.095917
6000 0.162228
7000 0.215432
8000 0.262423
9000 0.377638
10000 0.445684
11000 0.555808
12000 0.617942
13000 0.763914
14000 0.921542
15000 1.102356
18000 1.363683
16000 1.174463
17000 1.330806
20000 1.845043
19000 1.663673
23000 2.324638
21000 2.024997
24000 2.646535
22000 2.192218
27000 3.354375
28000 3.584651
29000 3.837818
25000 2.868592
32000 4.693575
31000 4.400583
26000 3.140623
39000 7.063858
30000 4.116181
46000 9.717210
33000 4.966858
49000 11.365493
34000 5.282014
47000 10.138579
35000 5.626110
36000 5.939643
53000 12.882236
37000 6.270363
55000 13.904408
38000 6.640738
40000 7.346578
41000 7.693605
63000 18.227336
42000 8.110343
66000 20.018246
43000 8.483566
65000 19.406060
44000 8.983707
45000 9.317301
56000 14.406289
68000 21.295616
64000 19.125525
48000 10.580160
70000 22.383291
72000 23.813423
50000 11.483214
75000 25.932595
51000 11.924727
76000 26.519367
52000 12.418995
79000 27.787229
54000 13.424510
59000 16.010000
71000 23.400910
87000 32.284044
61000 17.148130
86000 31.302735
57000 14.915845
62000 15.393625
58000 15.532935
60000 16.511573
69000 21.940136
80000 26.401207
78000 23.431808
77000 24.117190
67000 20.095093
98000 37.550097
73000 21.121455
100000 38.210505
74000 22.924931
91000 27.230074
82000 25.085340
81000 25.196919
95000 31.354506
83000 26.009211
84000 25.387170
93000 26.807073
88000 26.535270
85000 27.400172
92000 28.385841
89000 29.265819
94000 29.450764
90000 28.680184
96000 31.676439
97000 30.660824
99000 30.960182
