10	2.0
100	2.0
1000	5.0
10000	175.0
20000	543.0
30000	1431.0
40000	2435.0
50000	3930.0
60000	5532.0
70000	7499.0
80000	9283.0
90000	12018.0
100000	14709.0
110000	17840.0
120000	23857.0
130000	28552.0
140000	32076.0
150000	36840.0
160000	32682.000000000004
170000	33703.0
180000	53520.0
190000	44493.0
200000	48319.0
210000	61725.0
220000	96294.0
230000	73785.0
240000	66213.0
250000	102550.0
260000	114173.0
270000	124045.0
280000	106867.00000000001
290000	99085.00000000001
300000	148978.99999999997
310000	160027.0
320000	118051.99999999999
330000	127305.0
340000	197036.0
350000	212271.00000000003
360000	212831.00000000003
370000	162043.99999999997
380000	268912.0
390000	225752.0
400000	187046.0
410000	230745.0
420000	205484.0
430000	313261.0
440000	324484.0
450000	392757.0
460000	316698.0
470000	351370.0
480000	380998.0
490000	401247.0
500000	421437.0
510000	302069.0
520000	430072.0
530000	412377.0
540000	403832.0
550000	419954.0
560000	508045.0
570000	626499.0
580000	432334.0
590000	529378.0
600000	593966.0
610000	626556.0
620000	724109.0
630000	640430.0
640000	603378.0
650000	720410.0
660000	708763.0
670000	735009.0
680000	759032.0
690000	676980.0
700000	933235.0
710000	897306.0
720000	694887.0
730000	641614.0
740000	1007519.0
750000	956980.0
760000	1094769.0
770000	867854.0
780000	952305.0
790000	1080027.0
800000	954974.0
810000	1149829.0
820000	1128285.0
830000	1114806.0
840000	922301.0
850000	1181730.0
860000	876828.0
870000	890894.0
880000	1477576.0
890000	1366470.0
900000	1086785.0
910000	1308389.0
920000	1361324.0
930000	1364665.0
940000	1097971.0
950000	1026592.0000000001
960000	1068431.0
970000	1089700.0
980000	1088997.0
990000	1046733.0
1000000	978305.0
