10	2.0
100	2.0
1000	3.0
10000	163.0
20000	497.0
30000	1221.0
40000	2263.0
50000	3211.0
60000	4624.0
70000	6423.0
80000	8916.0
90000	12480.0
100000	14838.0
110000	18263.0
120000	20325.0
130000	27518.0
140000	53485.0
150000	54325.0
160000	31076.0
170000	33647.0
180000	37559.0
190000	57373.0
200000	71411.0
210000	72581.0
220000	57346.0
230000	88920.0
240000	83262.0
250000	102247.0
260000	101197.0
270000	98639.00000000001
280000	104461.0
290000	101383.00000000001
300000	152069.0
310000	161363.0
320000	196341.99999999997
330000	210942.0
340000	224512.0
350000	163095.99999999997
360000	176527.0
370000	242042.0
380000	169692.99999999997
390000	178058.0
400000	187044.0
410000	229997.0
420000	212517.0
430000	350251.0
440000	243341.0
450000	338706.0
460000	388439.0
470000	256708.0
480000	262919.0
490000	274815.0
500000	311377.0
510000	382082.0
520000	488495.0
530000	365375.0
540000	452230.0
550000	375765.0
560000	357124.0
570000	574767.0
580000	647550.0
590000	641332.0
600000	680958.0
610000	630542.0
620000	567847.0
630000	520956.0
640000	610499.0
650000	543052.0
660000	597405.0
670000	793769.0
680000	523589.00000000006
690000	641458.0
700000	694924.0
710000	798112.0
720000	987350.0
730000	837521.0
740000	1034831.0
750000	995118.0
760000	1061082.0
770000	1097571.0
780000	1036164.0
790000	1075563.0
800000	740084.0
810000	751092.0
820000	831294.0
830000	1072415.0
840000	811645.0
850000	1010977.0
860000	1277280.0
870000	1154949.0
880000	1217362.0
890000	997552.0
900000	970766.0
910000	1131152.0
920000	1010394.0
930000	1103418.0
940000	1503849.0
950000	1390616.0
960000	1055294.0
970000	1079344.0
980000	1112592.0
990000	1135899.0
1000000	1106601.0
