10	2.0
100	1.0
1000	2.0
10000	111.0
20000	382.0
30000	835.0
40000	1569.0
50000	2412.0
60000	3502.0
70000	4785.0
80000	6299.0
90000	7966.0
100000	9466.0
110000	11762.0
120000	14590.0
130000	17070.0
140000	20178.0
150000	23537.0
160000	26350.0
170000	33328.0
180000	35112.0
190000	38615.0
200000	43383.0
210000	49113.0
220000	52540.0
230000	55776.0
240000	63656.0
250000	69536.0
260000	70719.0
270000	78452.0
280000	83157.0
290000	88281.0
300000	95535.0
310000	109210.0
320000	109718.00000000001
330000	115662.0
340000	127218.0
350000	137259.0
360000	136473.0
370000	148254.0
380000	154656.0
390000	161512.0
400000	170716.0
410000	176004.0
420000	185099.0
430000	195632.0
440000	203780.0
450000	208834.0
460000	225560.0
470000	227997.0
480000	246135.0
490000	253666.0
500000	261960.0
510000	265182.0
520000	280213.0
530000	289132.0
540000	308000.0
550000	305046.0
560000	318217.0
570000	330164.0
580000	341937.0
590000	357781.0
600000	367729.0
610000	377825.0
620000	382535.0
630000	423800.0
640000	520085.00000000006
650000	531082.0
660000	548766.0
670000	575354.0
680000	585553.0
690000	507298.0
700000	502044.0
710000	526471.0
720000	548827.0
730000	558852.0
740000	580947.0
750000	601314.0
760000	629858.0
770000	640380.0
780000	644204.0
790000	751913.0
800000	770811.0
810000	649502.0
820000	652932.0
830000	661287.0
840000	688681.0
850000	703168.0
860000	723884.0
870000	759493.0
880000	749788.0
890000	770216.0
900000	846017.0
910000	1007550.0
920000	995675.0
930000	949948.0
940000	865714.0
950000	903143.0
960000	921675.0
970000	963246.0
980000	969225.0
990000	959449.0
1000000	935056.0
