2819021
5178269
1325147
931419
1329765
398284
3750048
4968029
881753
398050
1708725
1402870
931420
2709698
1316226
2089565
537724
3939728
2235920
2293371
2639789
2607685
1977323
3292666
2387517
2720786
1442915
2757604
1568144
3494482
4364620
2120406
4051514
775494
2647625
2029525
3288174
3978396
4054728
2625298
1933324
2636811
4390516
804056
2156884
4487044
933730
1435406
4541351
2966899
1767998
1706052
1041539
2463069
4461789
1713667
4054916
3114736
3097262
5204010
4641538
3415064
3175998
1791343
931038
2524814
1956278
840878
3288303
5073106
1603313
2551186
3044106
2158400
2931852
2630241
3363095
3291151
2453580
1219217
2972692
4572908
2603671
1124241
2307376
3232912
3942321
1765698
2128517
2540447
2307546
929565
5277182
1324051
395517
4054967
4293075
3009168
3273462
2101776
3050633
5083591
2867060
4071646
4859125
3714840
3732271
2560124
858368
4052238
3103404
2607656
1330249
398138
3233842
1767319
3994342
4531699
4052016
944170
5243367
3993731
1724347
3126984
3714763
4695856
1259567
2607568
3599971
2858735
2201198
1933642
1330610
3909093
4823238
3641685
2306969
3924714
1791807
2805131
656168
668898
3799929
1872476
2610181
2310465
3237355
4227091
3291241
2053606
2856427
3789267
2106640
3312205
4097329
2970532
3553415
2970178
1372513
1692214
3798968
3251527
2849997
5080098
1768462
1791539
4781336
3504139
1237315
2867010
4338846
2872071
944589
1882473
1348579
2867472
1791552
5069175
1058798
4623891
1791457
4418993
2706203
1791782
2897352
4331753
4052517
4024341
4647233
945199
2686348
3303376
1713707
1768245
2144577
3288520
944039
5246390
2235082
2637724
1544744
4060463
2747966
3288576
945468
2061539
4431700
2310033
3715019
1794334
2700862
4054623
951667
1767843
4014217
3209776
678788
2665116
4467634
3903689
2310684
944996
2859295
1330671
2970274
3696089
4676758
1791509
2307786
4051927
5069551
2607719
3295634
4066190
5147899
2975147
3751249
4796868
1805662
2310271
3242346
4052605
945330
2722038
3298362
5216271
2980090
3909859
2310822
3288436
5081301
952247
3303721
2989383
4974739
2180122
2468342
3290838
4055671
5083450
1330201
2969674
1768542
4014084
5067202
2307383
3291463
4062049
5084832
2564365
3291796
5085275
2970340
3714580
4682643
1791656
2307921
3202485
4052061
943326
2616271
3296485
4066561
2976854
3774364
2310398
3247836
4052714
5077311
945420
2769016
3300112
4147528
2982058
3930376
4946811
2320802
3288604
4054822
5082079
3303997
4377678
1768051
2990643
4003417
4997206
2468384
3290941
4058482
5083588
1330348
1774727
2307544
3066477
5069232
2307617
3067222
4051531
5069356
2607157
3292941
4064005
5085592
2970465
3714778
4687339
1791898
2309885
5072483
3297327
4067211
2979023
2310475
4052935
5078172
945495
3301535
4173136
5251855
2987618
4951556
3288769
5082582
2969101
1768167
2991084
4997772
3290982
4059899
5083930
1330514
2969993
3533454
1791283
1791401
2307670
3108273
4051709
5069402
2607478
5118278
1338300
2970975
3714849
4739066
1792019
2310092
3237375
4052378
5073938
945184
2655093
3297628
4069403
2979301
3846039
4917535
2310558
4053291
5078838
945652
4230946
5301988
1767651
2988425
3974899
4953279
2468249
3288889
4055031
2969251
3363484
4465508
1768253
2991506
4003631
650065
2303082
3291243
4060449
5084275
1330586
2970119
4657452
2970201
4667531
1791482
2307766
3118450
4051845
5069444
3295461
4065834
5137332
1347375
2974218
3715076
2310211
3239881
5074597
945264
4094205
5208892
2980003
3903556
4936319
1934997
2310680
3288356
4054667
952090
3303601
1767893
2989138
3992261
2468316
4055106
5083202
1328432
2969476
3396889
4011081
5067017
2307245
2498583
3291364
4060851
5084624
1330660
3291478
4062221
5085007
2970289
3704465
4676964
2307859
3171975
4052007
5069934
932691
3296013
4066363
2976322
4814369
1806662
2310376
3245347
4052649
5075980
945371
3299653
4132807
5237683
2980306
3923694
4940847
2008821
2320253
3288545
4054744
5081631
952420
3303825
4346848
5484597
1768009
2989999
4003357
4995661
2468361
3290899
4057385
5083465
2969762
5069123
2606617
3291959
5085348
1332373
2970365
3714694
4684899
3222046
4052137
5071941
944122
3297095
4066708
5182964
2977852
3783382
4859031
1820629
2310425
3247884
4052781
5078099
945446
3301182
5251120
2986089
3937825
4947771
3288617
5082160
3304073
4390812
1768136
2990995
4003444
4997659
4059754
5083617
1330448
2969847
3518030
4618437
1779144
2307587
3066523
5069290
2307650
3084935
4051648
5069377
758046
2607377
3293189
4065172
1338241
2970506
3714799
4701674
1791953
2309963
3237155
4052282
944799
2639174
3297592
4069048
5193644
1498223
2979129
3802701
4904766
1891915
2310509
3253802
4053044
5078530
945593
3301614
1767217
2988282
3950414
3288877
4054989
5082708
2969129
1768224
2991361
4003525
5001903
4060196
5083998
1330526
2970022
3553077
1791344
2970154
3647348
4658666
1791431
2307716
4051764
5069423
2607494
3295048
4065711
5120773
3714920
4743682
2310131
3237403
4052408
5074209
3297706
2979552
4931769
405055
2310617
4054003
5079460
951273
4263723
2988639
3980652
4953878
2127505
2468291
3288944
4055041
5082876
1264174
2969358
1768285
2991645
4003940
5066927
2307039
2485068
3291298
5084447
2970270
3694490
4675756
1791507
2307782
5069542
2607718
3295631
4066165
1372244
2974896
2310270
3242329
4052593
5075790
945313
3298356
4102358
5209944
2980084
4936412
405396
1956961
3288391
4054695
5081047
952160
1767979
2989368
3993515
4973881
2175467
3290804
4055545
1330193
2969669
1768534
4013248
5067127
2513723
3291453
4062041
5084809
3291492
4062337
5085128
1330796
2970338
3714578
4681987
1791595
2307905
3199713
4052058
5071669
941373
2616215
3296267
5173601
2976410
3774299
1816885
2310391
3247706
4052705
5076425
945412
3300075
4141122
5241691
2980420
3926310
4946743
2320668
3288585
4054821
5081994
2952897
3303844
4373975
5525811
2990124
4003403
4997169
3290938
4058038
1330307
4598659
1774652
2307542
3060009
5069223
2307605
3066558
4051527
5069343
2606971
4063755
5085561
2970433
4685923
1791891
2309708
4052210
5072386
944402
3297285
4066964
5188063
1484257
2978699
3792093
4889250
1853526
3250221
4052885
5078167
945489
2806974
3301418
4167939
5251796
2986964
4950173
3288735
4054962
5082561
2968934
3304345
2991060
4997684
2271513
2468437
3290977
4059850
5083688
2969911
3531150
4639745
1791275
2307668
4051695
5069401
2607431
3294015
4065634
5117030
1338269
2970766
1792013
2310077
4052352
5073588
3297624
4069355
5194788
2979275
3824374
4917498
2310534
5078713
945632
3303071
2988406
3966457
4953222
2108569
3288888
4055008
5082758
2991466
4003605
2303024
2474828
4060412
5084196
1330583
2970086
4657450
1791380
2970199
3678362
4663192
1791474
2307747
5069435
2607648
3295337
4065818
5136704
2973898
3715033
4743793
1797242
2310168
3239494
4052487
3297849
4094091
2980001
3896896
4936299
1934669
2310659
4054642
952008
3303553
5327795
2989072
3991513
4954431
4055104
5083118
2969448
3390177
1768415
2992585
5067007
2307099
2487382
4060682
5084573
1330625
2547914
3291476
4062125
5084973
1330719
2970285
3704432
4676835
1791531
2307857
3161022
4051984
5069657
3296011
4066227
5153469
2976316
3763920
4801147
1806497
2310339
3244964
4052648
5075967
2732356
3299586
4131951
5236614
2980271
3923168
4938611
1988231
5081340
952311
2915923
3303794
1768006
2989662
4003224
4984659
2468352
4057155
5083462
1330230
2969733
3456501
1768590
3037476
4022029
5069116
3291897
4062667
5085340
1331688
2970363
3714628
4683354
1791768
2307958
3212525
4052080
5071921
2616348
3297057
4066707
5182708
2977486
3777333
4851711
1820276
2310415
3247857
4052763
5077869
945436
3300509
4150289
2985581
3935744
4947228
2322820
3288608
4054898
5082144
2965044
3304047
1768104
2990910
4003435
4997623
2468408
4059039
5083593
2969827
3509730
4616642
1778867
2307578
3066522
5069277
3078209
4051608
5069372
2607298
3293049
5085868
1338160
2970484
3714797
1791913
2309961
4052280
5073089
944663
3297427
4068312
5192456
1496253
2979126
3799946
1890113
2310493
3252542
4052974
5078442
945556
2816490
3301569
4183460
2988169
3950383
4952284
2381699
3288867
4054981
5082692
2969113
1768222
2991311
4003519
4998188
3291131
4060147
5083986
1330519
2970017
4643554
2970140
4658456
1791417
2307714
3112728
4051727
5069422
2607486
3294439
4065698
5118967
2972296
3714863
1792086
2310118
3237383
4052406
5073973
5201858
2979431
1933455
4053317
5079021
3303264
5316493
2988518
3979601
4953858
2468274
3288926
4055040
2969342
3365135
4467941
1768276
2991548
4003731
5066828
2485059
3291282
5084443
1330593
2970259
4675735
1791503
2307781
3121913
4051911
5069501
2607710
3295627
4066138
5146131
1349941
2974723
4754674
1805157
2310261
3241795
4052526
5075729
945306
3298268
4098592
5209237
2980038
3907131
4936331
2310790
3288367
4054690
5080735
952157
5336247
1767968
2989361
3993490
2468332
3290795
4055528
5083301
2969622
1768508
3012760
4012707
5067083
2307369
2513409
3291424
4061967
5084781
3291487
4062288
5085061
1330793
2970306
3714576
4679694
1791591
2307876
3196562
4052028
5071646
940713
2614745
3296259
4066436
5173061
2976403
3772826
4820915
1807379
3247315
4052684
5076292
945392
3300010
4138207
1684174
2980352
4944591
2320619
4054816
5081990
953638
2945401
3303838
1768023
2990090
4003375
4997126
2468377
3290931
4057739
5083547
3497122
2307446
3054772
5069207
3066555
4051525
5069335
2606831
3292372
4063155
1334684
3714749
2309475
3227847
4052185
5072382
944356
2625857
3297118
4066889
5186781
2978635
4883276
2310435
3248005
4052841
5078156
3301318
5251777
2986960
4949784
2324136
3288702
4054940
5082501
2968797
3304255
1768164
2991024
4003501
4997679
2264650
3290969
4059819
5083678
1330503
2969892
1791237
2307597
2307660
4051680
5069392
2607423
3293648
4065476
5098433
2970666
3714828
4733911
1792011
3237293
4052324
5073581
945160
2647298
3297599
4069163
2979204
4917409
404889
2310521
3262265
4053226
5078646
945620
3302868
4223061
5280790
1767336
3960563
4953089
3288887
4055004
5082723
1235744
2969165
1768244
2991400
4003591
5010493
2473504
3291214
4060356
5084082
1330561
2970068
3596646
4657301
1791376
2970180
3649691
4661369
1791464
2307744
3114876
4051794
5069431
3295317
4065787
5132319
1339655
2973439
4743703
2310162
3239489
4052438
5074328
945212
3297818
4093834
5205339
2979757
1934642
2310653
3288282
5079925
2859462
3303457
4292843
5327564
2988745
3990467
4954350
2139356
2468304
3290565
4055068
5083025
2969394
4478120
2991865
5066956
2307082
2486362
4060671
5084566
1330624
4062096
5084854
1330718
2970275
3697308
4676776
1791512
2307827
3147343
4051949
5069632
2607752
3295711
4066201
5151647
2975854
3761216
4800934
2310334
3243969
4052621
5075890
945343
3298474
4122175
2980126
3922863
4936518
2317735
3288469
4054701
952291
2898983
3303791
1768004
2989466
2468346
3290846
4056527
5083453
1330216
2969693
1768559
5068401
3291465
3291802
4062421
5085303
1330852
2970356
3714597
4683123
1791727
2307951
4052065
5071905
943539
2616292
3296579
4066655
5180439
1458635
2976876
3774686
1820074
3247853
4052751
945431
3300467
2983150
4946990
2038734
2321930
3288606
4054841
1768076
2990904
4003418
4997539
2468388
1330398
2969807
1778004
3066496
4047956
5069274
2307634
3067575
4051550
5069359
2607245
4064907
5085695
2970478
399421
1791910
2309937
4052272
5072605
3297341
4068177
5192130
1486663
4901094
2310477
3252158
4052946
5078178
945531
2810262
3301543
4181773
5251893
2988135
3945259
4951811
3288857
5082617
1208341
2969111
4441215
1768217
2991128
4997810
2293337
3290991
4060025
5083947
1330517
2970008
3541121
4643042
1791338
1791413
2307703
3111143
4051724
5069410
2607482
3294154
4065695
5118917
1338361
2971374
3714859
1792048
2310101
3237380
4052397
5073962
945193
3297643
5200778
1530199
2979352
3866829
4917622
404956
2310591
3288172
4053310
5078946
945701
2852066
3303112
4249496
1767668
2988461
4953648
2468255
3288908
4055032
2969271
3364182
2991512
4003678
5066819
2306348
2484154
3291256
5084338
1330590
2970133
3621471
4657479
2970203
3685695
4673434
1791486
2307777
3118467
4051883
5069469
3295601
4066133
5139421
2974534
3722837
4754424
1802237
2310248
3240504
5075619
2715251
3298266
5209149
2980032
4936328
3288358
4054686
5080355
952124
3303604
4324676
1767944
2989316
4956112
2156911
2468328
3290754
4055401
2969515
3408092
1768491
4011233
5067052
2307318
3291369
4061081
5084710
2551725
3291485
4062228
5085021
2970294
3714569
4676983
398598
2307863
3296169
4066389
5172191
2976328
4815479
1807342
2310389
3246198
4052656
5076275
945384
2738614
3299680
4134128
5238549
1654028
2980329
3924383
4941100
2018944
2320288
3288557
4054790
5081824
952636
2938228
3303834
5499492
1768012
2990071
4003364
4997106
2210866
3290908
4057431
5083546
1330260
2969786
4577748
1768651
2307443
4028383
2606671
3292071
4063012
5085509
1333704
2970410
3714713
4685708
1791795
2309139
3227790
4052145
5072353
2625305
4066790
2978175
3786997
2310434
3247991
4052818
5078109
945465
2804207
3301243
4151316
5251740
2986835
3938164
4949662
2323467
3288627
4054918
5082326
2968538
3304088
1768158
2991017
4003494
2468415
4059781
5083663
2969850
2307589
3066528
5069321
2307655
4051675
5069379
2607397
3293526
4065452
5088550
1338249
3714827
4711019
1792010
2310031
3237272
4052321
5073284
3297598
4069144
5193688
2979192
3804886
4906353
2310518
3260071
4053078
5078554
945596
2818882
3302138
2988311
3950559
4953075
3288886
4054992
5082717
2969150
3362489
1768231
2991370
4003551
5002764
2294975
2471916
3291194
4060224
5084067
1330549
2970059
1791368
3648807
4659673
2307720
3114843
4051786
5069428
2607562
4065781
2973336
3714931
4743696
1794220
2310140
3237412
4052411
5074263
945200
2700711
3297790
5204388
2979588
4933258
2310649
3288219
4054613
5079810
3303432
4278146
1767812
2988693
3984001
4953971
2468297
3289011
4055051
5082882
2969376
3369962
4473546
1768296
2991768
4007896
5066947
2307072
2485102
3291341
4060664
5084529
1330613
