5294247
2176230
1216071
2223701
2726216
893323
2962333
934009
2531925
2478266
1636733
3381841
1226635
1450427
3889340
2993799
1574168
4469454
2402591
1642010
2671962
683712
1208219
1376270
2395496
4090254
3389909
1395909
1573673
2654835
2040751
1373554
1678668
3108925
4118109
2276644
1086309
1312142
1126966
2298001
1440292
3124228
3042155
1810518
1633681
2022467
1677891
1535816
2804522
3265490
2576610
1773241
1597247
3096999
2346414
1719145
3371122
1897285
2485813
3496402
4441731
3749246
2906210
1741855
1208019
4809287
2791271
4875607
2302158
2168748
1629477
1537016
2558673
2526475
3848859
2649801
1929711
4273067
2527250
2432494
3917677
2138816
3050034
4862480
2711866
3990688
4192288
3664881
2008236
2129437
1434027
1877138
3100056
4527155
3227890
3932234
2490850
4299301
2558187
4508616
1757997
1545952
4851605
4949791
3421003
2523000
2938430
2585057
3090304
3848106
1706187
4571646
2282928
5294699
3139313
3918889
1784806
4819017
2386017
3401081
4967273
2875249
4283008
3747635
4478428
5291397
2701297
3333624
4843692
4939077
3420139
5087403
3640114
4375476
5205147
3815141
4558574
2659885
4961294
3447877
5113305
3730515
1663457
5256159
4659174
3963983
4825070
3416766
4133243
1242779
3618367
1641014
3768669
3126458
3910730
4728741
2722568
4039505
4957292
2834127
3439266
1626703
5093835
2945612
3695656
2094253
