4020026
3185059
3300639
2712613
2106802
3260340
1191144
2829898
1640280
3933527
3567520
1092309
1637179
3985262
2573145
2159094
2604533
3375916
3324391
4001989
3908606
1639259
3133619
1888364
4020515
1485994
1679066
2670182
4476611
4047539
4023274
2534304
2846212
3196652
2927556
4367684
4227232
3789494
3345263
4550860
4406119
3026490
4348052
2007073
2474621
2104565
2741503
4217612
1515728
2834232
1662817
3988317
3712231
2208121
3180412
4559113
3891708
4571991
2565421
4340927
4542700
4290993
4532240
4298457
3902527
4225910
3047096
4231123
3792911
1932655
4272985
3118673
4304230
3970721
2879983
3639008
4245174
4062914
3222067
3048387
4622787
3948771
2906367
4231915
2692893
3447616
2905981
4555345
3417188
4115589
4627850
4168084
3571945
4421492
2361745
2745989
4083037
4483317
2907925
4178313
3587978
4501831
3850911
2594633
3336372
3664796
3899266
4021853
4263847
4072671
4103596
3190868
4293140
3433735
4163614
4495659
3841114
3982106
2892291
2965549
3320597
3639588
4504467
2063407
3094329
4249154
4408429
4284643
3393453
4456307
4588940
3210098
4300927
3450313
3809426
2528625
4499185
3848799
4394661
4518403
3118592
4450158
3731310
3920196
2709583
4067857
4095364
3186157
4291489
3431635
3794441
4611783
3948532
2807471
4157440
3536278
4492232
3317006
4379693
4503821
3861084
3668998
2178411
3766146
4574274
2352521
4079983
4300070
3808434
3954087
4177384
3297273
3585255
1859209
3843947
3657646
2658843
4251856
4442320
2220969
3917443
2702241
4089457
4466193
1518455
4611326
2402503
3944961
2865247
2922114
4204893
3310264
4379543
4502074
3064857
4242554
4397971
2160986
2691115
3763640
2346301
3926581
4079148
4471119
3799761
3281578
4497418
3842410
2901701
2986349
3649853
3875410
4012362
3099654
3916148
4048633
3399875
4465371
4602902
3934306
