6669.0
6872.0
7035.0
6951.0
6474.0
6847.0
6673.0
6753.0
6827.0
7015.0
6691.0
7088.0
6656.0
6505.0
6920.0
7012.0
6750.0
6790.0
6674.0
6895.0
6686.0
6658.0
6722.0
6802.0
7082.0
6712.0
6410.0
6492.0
6899.0
6821.0
6809.0
6623.0
6752.0
6666.0
7040.0
6946.0
6618.0
6451.0
6437.0
6743.0
6809.0
6523.0
6820.0
6750.0
6678.0
6804.0
7047.0
6559.0
6770.0
6830.0
6893.0
6824.0
6646.0
6582.0
6576.0
6713.0
6866.0
7363.0
6918.0
6960.0
6866.0
6772.0
6756.0
6732.0
6695.0
6858.0
6688.0
6858.0
6917.0
6422.0
6775.0
7117.0
6830.0
6814.0
6734.0
6626.0
6432.0
6676.0
6821.0
6718.0
6873.0
6715.0
6953.0
6874.0
6838.0
6531.0
6859.0
6832.0
6506.0
6491.0
6620.0
7005.0
6790.0
6875.0
6908.0
6428.0
6767.0
6638.0
6722.0
6543.0
