2628.0
2669.0
2628.0
2647.0
2790.0
2673.0
2590.0
2639.0
2671.0
2530.0
2754.0
2692.0
2784.0
2818.0
2743.0
2600.0
2537.0
2867.0
2805.0
2630.0
2762.0
2705.0
2659.0
2857.0
2864.0
2729.0
2607.0
2753.0
2750.0
2610.0
2714.0
2593.0
2626.0
2502.0
2806.0
2581.0
2662.0
2629.0
2622.0
2563.0
2797.0
2710.0
2762.0
2644.0
2650.0
2813.0
2634.0
2724.0
2756.0
2696.0
2740.0
2783.0
2597.0
2729.0
2551.0
2608.0
2686.0
2544.0
2664.0
2585.0
2628.0
2843.0
2678.0
2698.0
2771.0
2748.0
2744.0
2730.0
2583.0
2726.0
2658.0
2635.0
2696.0
2694.0
2756.0
2565.0
2548.0
2756.0
2736.0
2801.0
2634.0
2685.0
2743.0
2825.0
2744.0
2772.0
2583.0
2735.0
2616.0
2744.0
2708.0
2658.0
2746.0
2713.0
2539.0
2603.0
2554.0
2610.0
2674.0
2821.0
