366.0
369.0
375.0
369.0
377.0
377.0
379.0
399.0
381.0
390.0
408.0
401.0
375.0
374.0
373.0
374.0
385.0
429.0
389.0
380.0
385.0
393.0
399.0
378.0
367.0
373.0
450.0
396.0
366.0
372.0
379.0
377.0
393.0
379.0
404.0
387.0
368.0
369.0
371.0
371.0
368.0
382.0
384.0
382.0
379.0
378.0
371.0
384.0
371.0
371.0
364.0
393.0
375.0
367.0
377.0
390.0
376.0
391.0
379.0
399.0
380.0
390.0
381.0
388.0
369.0
374.0
370.0
382.0
373.0
371.0
369.0
383.0
363.0
365.0
372.0
379.0
407.0
432.0
416.0
405.0
392.0
408.0
392.0
409.0
393.0
431.0
426.0
428.0
384.0
404.0
414.0
382.0
382.0
380.0
400.0
388.0
384.0
400.0
420.0
406.0
