1727.0
1633.0
1713.0
1611.0
1622.0
1730.0
1673.0
1782.0
1700.0
1633.0
1721.0
1815.0
1680.0
1707.0
1746.0
1685.0
1798.0
1710.0
1751.0
1732.0
1616.0
1838.0
1729.0
1685.0
1804.0
1751.0
1708.0
1729.0
1668.0
1709.0
1678.0
1654.0
1691.0
1575.0
1674.0
1629.0
1683.0
1671.0
1700.0
1751.0
1652.0
1683.0
1705.0
1736.0
1746.0
1732.0
1682.0
1794.0
1705.0
1705.0
1770.0
1715.0
1681.0
1713.0
1772.0
1756.0
1674.0
1667.0
1786.0
1732.0
1615.0
1795.0
1719.0
1729.0
1667.0
1786.0
1706.0
1849.0
1756.0
1676.0
1773.0
1762.0
1675.0
1907.0
1803.0
1753.0
1663.0
1752.0
1655.0
1824.0
1870.0
1743.0
1680.0
1726.0
1674.0
1641.0
1711.0
1744.0
1747.0
1764.0
1833.0
1888.0
1823.0
1642.0
1720.0
1817.0
1672.0
1802.0
1644.0
1736.0
