9514.0
9392.0
9955.0
13766.0
10492.0
10764.0
10247.0
10024.0
9611.0
10880.0
10842.0
9869.0
9569.0
9865.0
9646.0
9931.0
10070.0
9607.0
9805.0
9578.0
10114.0
10021.0
10343.0
10220.0
10433.0
10136.0
9914.0
10112.0
10280.0
10456.0
10369.0
10167.0
10165.0
9893.0
9973.0
10091.0
9700.0
9928.0
9837.0
9767.0
9838.0
9640.0
9654.0
9441.0
9439.0
9434.0
9465.0
9489.0
9450.0
9435.0
9404.0
9445.0
9413.0
9428.0
9401.0
9388.0
9382.0
9387.0
9512.0
10205.0
10298.0
9654.0
9696.0
9926.0
9512.0
9608.0
9436.0
9538.0
9703.0
9449.0
9446.0
9390.0
9559.0
9464.0
9459.0
9659.0
10133.0
11764.0
9831.0
9808.0
9749.0
9333.0
9301.0
9083.0
8958.0
9398.0
9441.0
9222.0
9121.0
9538.0
9023.0
8751.0
8772.0
9331.0
9614.0
9361.0
9262.0
8763.0
8750.0
8818.0
