5355.0
5003.0
5125.0
5161.0
4965.0
5246.0
5391.0
5157.0
5246.0
5065.0
4920.0
5069.0
5270.0
5303.0
5104.0
5058.0
5334.0
5350.0
4991.0
5146.0
5154.0
5061.0
5009.0
5316.0
5144.0
5475.0
5052.0
5322.0
5125.0
5119.0
5126.0
5220.0
5001.0
5355.0
5103.0
5190.0
5191.0
5166.0
5236.0
5097.0
5262.0
5068.0
5272.0
5283.0
5130.0
5196.0
5180.0
5146.0
5047.0
5278.0
5228.0
5214.0
5109.0
4984.0
5021.0
5220.0
5420.0
5289.0
5047.0
5313.0
5184.0
5005.0
5185.0
4963.0
5141.0
5050.0
5164.0
5329.0
5096.0
5341.0
5363.0
5043.0
5283.0
5107.0
5083.0
5400.0
4993.0
4898.0
5355.0
5456.0
5245.0
5344.0
5222.0
5351.0
5095.0
5163.0
5375.0
5090.0
5321.0
5183.0
5044.0
5204.0
5099.0
5206.0
5230.0
5340.0
5050.0
5181.0
5179.0
5509.0
