8809.0
8376.0
8657.0
8590.0
8610.0
8968.0
8456.0
8478.0
8330.0
8887.0
8488.0
8743.0
8530.0
8630.0
8386.0
8872.0
8830.0
8673.0
8673.0
8153.000000000001
8498.0
8490.0
8665.0
8316.0
8547.0
8880.0
8485.0
8748.0
8495.0
8410.0
8759.0
8967.0
8659.0
8677.0
8453.0
8561.0
8585.0
8157.0
8712.0
8671.0
8721.0
8601.0
8465.0
8727.0
8625.0
7965.0
8268.0
8510.0
8613.0
8699.0
8308.0
8494.0
8334.0
8313.0
8526.0
8763.0
8534.0
8693.0
8865.0
8661.0
8641.0
8477.0
8595.0
8882.0
8659.0
8608.0
8718.0
8339.0
8373.0
8216.0
8793.0
8404.0
8959.0
8369.0
8176.0
8584.0
8443.0
8826.0
8070.0
8809.0
8565.0
8529.0
8799.0
8376.0
8697.0
8058.999999999999
8829.0
8366.0
8440.0
8800.0
8614.0
8176.0
8776.0
8420.0
8260.0
8432.0
8657.0
8564.0
8864.0
8279.0
