3940.0
3718.0
3830.0
4007.0
3767.0
3874.0
3787.0
4022.9999999999995
3910.0
3960.0
4172.0
4037.0
3990.0
3941.0
3707.0
3817.0
3837.0
3933.0
3859.0
3917.0
3755.0
3717.0
3704.0
3840.0
4006.0
3791.0
3758.0
3805.0
3943.0
4136.0
4024.0
3988.0
3941.0
3750.0
3913.0
3849.0
3751.0
3883.0
4259.0
3865.0
3807.0
3945.0
3700.0
3799.0
3637.0
3936.0
3896.0
3688.0
3971.0
3708.0
3895.0
3746.0
3829.0
3842.0
3638.0
3744.0
3619.0
3823.0
3726.0
4057.0000000000005
3776.0
3747.0
3792.0
3876.0
3866.0
3870.0
3986.0
3757.0
3728.0
3952.0
3735.0
3664.0
3848.0
3843.0
3802.0
3711.0
3902.0
3722.0
3627.0
3891.0
3770.0
3879.0
4011.9999999999995
3864.0
3845.0
3711.0
3794.0
3856.0
3697.0
3901.0
3875.0
3588.0
3739.0
3731.0
3903.0
4030.9999999999995
3680.0
3646.0
3762.0
3743.0
