146.0
144.0
191.0
181.0
135.0
110.0
139.0
164.0
163.0
153.0
154.0
169.0
151.0
144.0
145.0
134.0
107.0
136.0
173.0
167.0
152.0
152.0
155.0
121.0
118.0
116.0
146.0
119.0
155.0
136.0
145.0
128.0
130.0
125.0
137.0
116.0
103.0
142.0
136.0
126.0
122.0
122.0
122.0
118.0
106.0
106.0
115.0
104.0
107.0
103.0
203.0
232.0
252.0
308.0
347.0
162.0
100.0
95.0
95.0
94.0
94.0
93.0
93.0
93.0
107.0
113.0
101.0
96.0
97.0
95.0
97.0
97.0
99.0
95.0
95.0
102.0
97.0
96.0
94.0
95.0
100.0
102.0
94.0
97.0
95.0
94.0
94.0
99.0
97.0
95.0
95.0
94.0
96.0
96.0
94.0
93.0
105.0
99.0
95.0
94.0
