871.0
936.0
901.0
882.0
909.0
896.0
888.0
891.0
871.0
877.0
937.0
1039.0
1012.0
1002.0
1031.0
1018.9999999999999
1073.0
978.0
943.0
1059.0
992.0
1030.0
1004.9999999999999
999.0
1195.0
1022.9999999999999
1010.9999999999999
957.0
924.0
882.0
879.0
900.0
881.0
874.0
879.0
923.0
902.0
960.0
939.0
951.0
986.0
1059.0
1022.0
966.0
1043.0
973.0
954.0
950.0
967.0
1008.0
1012.9999999999999
945.0
976.0
1004.0
980.0
1002.0
971.0
963.0
949.0
982.0
969.0
959.0
1000.9999999999999
1040.0
1014.0
991.0
1022.9999999999999
994.0
936.0
935.0
937.0
974.0
892.0
912.0
958.0
921.0
936.0
911.0
952.0
943.0
1014.0
988.0
987.0
997.0
1048.0
958.0
971.0
1121.0
1012.9999999999999
904.0
944.0
937.0
942.0
1002.0
967.0
965.0
994.0
969.0
913.0
1012.9999999999999
