2818607
4156326
1285165
2928751
378898
1339156
913448
596876
1299160
3743057
881649
954353
906881
3268554
2070701
536964
924183
2224315
2033772
1364558
2624301
2588358
2869992
2150897
1968213
1256752
2985691
871412
3268338
2026373
848971
1431729
2755295
876715
2710255
2634304
3129623
2102832
773770
3274813
2022997
3040381
1569412
2575999
2425225
4035880
804046
2120258
2108025
4034813
4470114
930056
768669
2549198
1421167
4459215
3534872
2964717
1734185
1093909
1697685
2373178
1025638
4385234
2056180
558621
3428127
4370734
2141460
2416092
4038014
2200816
3098404
3096537
2299443
2086847
1379840
666783
4569722
2876843
882802
3519319
883393
2362194
2057079
1732830
838446
1598173
2293177
2818784
3277743
868836
2630237
2584323
3277519
1496912
2619465
3350260
3784894
2234196
2623912
2451143
1592650
2227169
1513702
2947324
2087199
2055573
757576
3402596
2628411
2624749
1116470
2299859
2947327
2946788
2267857
3223551
1490289
1733579
2127113
2218113
1880771
912058
4145240
2915073
3010150
2471821
2267872
4035552
2628934
2596984
1593713
1299736
2688248
2087280
3247615
4039373
381077
1873364
2458940
380658
3277564
4432666
2994190
2630792
1095713
2325123
2746900
1672933
3246714
2765237
4378492
2168765
4066623
3800795
2460696
3688891
825843
1816164
2585924
1299853
1734319
2074463
2993097
3232517
384433
3897883
2630299
917666
2634106
2362114
4035745
1427745
3595644
2087350
1246575
2581725
3806456
3554010
3274126
1244094
1699126
2714076
4164374
3327095
3276999
3895522
1913159
2567308
3246904
2180065
1764145
629028
2075275
1524239
2255531
1709889
664830
3919392
3246699
1300045
2087653
2454581
2624766
1267891
3614922
3532070
3246641
2140157
1675948
2735116
1664179
2946803
2632958
3231294
1721698
4094666
3428624
2088375
2633714
2090803
2947341
2087281
2330899
3246921
3248012
3277589
2271020
4038110
1749634
4095678
3246973
1816183
2087244
3281028
4338515
944797
1764676
2625024
1816180
3247318
1299637
3505988
1368940
3246956
966193
4763269
1734392
1357433
2624649
1772064
4614536
2092086
3798953
3503684
1468534
2685371
2064399
2088100
1749807
2531477
1750106
4284328
1722770
918345
1741497
3274717
2632824
3855765
3430810
2633941
4317389
2628918
3246349
3923493
622405
2095972
2624380
2632211
3246947
2624756
4038184
3247024
2625523
1734251
917245
2529550
3262233
4035261
2268761
3951410
3600092
2968132
1534891
4645031
2087288
2095869
1950053
2683115
918430
2115458
1734071
2632941
4287156
3197113
3374206
2064165
2555866
2631822
4258814
1514206
380468
2633537
2627189
3051739
3277562
1271595
2631979
1299423
2271531
918807
2999447
2625171
3554100
4647214
2658062
2087313
2624555
2632677
918493
3246953
2633169
2727720
3894226
1734732
2894054
3278777
4038372
918637
2958001
3554117
2605867
1749558
2946125
4041790
2272250
2968855
3685504
1750186
3275383
4035104
2947141
3289580
4049601
2330892
3066394
4657309
3277176
4035558
2267967
2947557
3382151
1299992
3211019
3895735
1734331
2064296
3277622
4036395
2268604
2951649
1300368
3236705
3923307
2087330
3281803
918686
2271920
2958465
4034736
2946324
4043393
2282353
2978604
3697912
1762540
3275458
4035278
2257802
2947266
3290771
4050466
3811535
4658482
3277303
4035642
2268131
2947642
3405715
1300027
3226797
4755202
1734388
2064423
2809814
3277684
4037919
918460
2268762
2952887
3524237
4198467
1313136
2271524
3537451
4234703
3933383
1749397
2945620
3282574
4038899
918758
2958985
4417502
3274927
4034855
1749689
2946735
3286741
4045644
3754685
4572021
1768694
3275557
4035357
2266856
4052233
4666832
2020870
3277353
4035701
2268222
2947771
4123126
1300104
3229067
3907075
4806410
2072627
2849948
3277848
4038080
918597
2271698
2955867
3553976
2597734
1749448
2945897
3283627
4039297
919242
2272039
2965770
4435496
2625096
3275120
2946963
3287435
4046154
2315194
3014324
3774255
4613829
3275625
2267855
2947444
4054239
1299917
4676800
1734229
4035839
914243
2268308
2949167
4143987
2512174
3233174
3909580
4857330
1734587
3277897
4038131
2894023
4038233
918622
2271859
2957544
3554060
2599176
3977606
1749508
2946082
3284703
4040908
926453
2272091
2968705
4445126
1749991
3275318
4035041
2947067
4048252
2330858
3792787
4647193
382568
3277104
4035535
2267899
2947508
3364273
4067015
1299959
2395929
3208883
4683143
382900
3277570
4036129
2268462
2950352
3502184
4151357
3234917
3910285
4886014
1734676
4892678
1734776
2894082
4038407
918656
2271901
2958215
3554142
1465453
2606075
1749574
2946170
3285005
4043051
2277019
2969439
4489371
3275395
4035189
2252785
2947180
3290328
4050081
2330905
4657557
2683756
3277212
4035594
2268075
2947577
3390966
3895884
4743650
1734362
2064362
3277665
4037794
918432
2268680
2951929
4176263
1310134
1313672
3246726
4898617
1749370
2087379
2937678
3281955
918702
2271938
2958639
3554184
4034797
1749658
2946413
3286291
2283095
3721009
4543143
3275534
4035331
2260507
2947311
3291039
4051257
2330957
3100338
4662069
1734127
2001765
3277341
4035656
2268165
2947677
4117555
2478548
3226824
3903572
1734410
2064499
3277788
4038025
918472
2270351
2953153
4217867
2954817
2597291
3938211
4899344
1749414
2088051
2945783
3283139
4039052
918812
2961392
3593172
3275016
4034890
1749792
3287076
4045947
2302347
3010541
3757641
4586002
1811671
3275601
4035386
2267774
2947342
3319005
4053353
1299883
3149614
4673414
2725805
3277378
4035738
2268267
2948086
3449683
4139782
2488316
3909488
1734529
3277878
4038111
2894014
3278098
918608
2271785
2957245
2597854
4904854
1749483
2945998
3284496
4040598
925653
2272079
2966620
3643250
1749883
3275199
4034991
2947013
3287743
2330838
3781524
4621719
3276596
4035471
2267869
2947462
4054733
1299929
3197861
3893468
4681799
3277522
4035951
2268412
2950204
4148156
3234064
3909760
4877440
387706
1734619
1734695
2894037
3278754
4038296
918633
2271864
2957817
3554107
2601932
4011964
3284749
4041592
2272208
2968838
3683325
4464447
1750170
3275349
4035100
2947131
3289489
4049435
2330885
3063680
4653747
1899696
2672906
4035553
2267943
2947527
3380728
4067462
1299986
3210889
3895708
4721814
2064194
2776131
3277618
4036271
918041
2268600
2951440
3506242
1300318
3236379
3923162
4889406
3923870
4897783
3281709
4038504
918682
2271911
2958433
2607476
4034727
1749632
3285131
4043286
2280693
2977258
1760006
2631834
3275431
634131
2947215
3290551
4050344
1297883
2330932
4657921
2691756
4035616
2268110
2947631
1300018
3226796
3897648
4751525
1734385
2064405
2806151
3277683
4037915
918457
2952319
3520240
1312155
2271521
2953812
2594156
3246876
1749391
2942775
3282554
4038898
918745
2271973
2958812
3554241
4414896
2624636
3274880
4034829
1749684
2946725
3286709
4045575
2293614
2993883
3752919
2632702
3275547
4035353
2266068
4051954
3854023
4035688
2268214
2947754
4122152
1300102
2482760
3228956
3906992
4802747
1734428
2839249
3277831
4038054
918502
2271694
2955580
3553973
4259739
1371857
2597691
1749440
2945878
3283576
4039173
918854
2965386
4434914
3275090
4034930
1749852
2173802
2946933
3287226
4046012
2313246
3774235
4594423
3275615
4035401
2947390
4053934
1299906
2347285
3191275
3887945
4676741
1734228
3277393
4035787
2268285
2949128
3456210
4143425
1300193
3232611
3909542
2085161
2875530
3277891
4038127
918570
2894021
3278214
4038228
918621
2271848
2957429
4316485
2599131
3974703
1749503
2946032
3284656
4040901
926343
3664031
4445051
1749990
3275285
4035030
3288874
4048099
2330853
3056621
3790591
2646302
3277054
4035527
2267886
2947498
1299957
3202037
3895326
4683099
1734281
4036120
917304
2268442
2950283
3496676
4151311
2550471
3234429
3909974
4883897
1734649
3240455
3923465
4890490
1734750
2894063
3280964
4038387
2271895
2958160
3554140
4370699
2605971
1749572
2946161
3284925
4042614
2273844
2969301
3685703
4474387
3275390
4035131
2947161
3290208
4049684
2330900
3067247
4657537
3277198
4035576
2268012
2947567
1299995
3220505
3895879
1734354
2064334
2798021
3277662
2268661
2951894
3515729
4174178
1301133
2588463
4898530
1747149
3281855
918696
2271937
2958608
3554163
1486653
3274789
4034769
1749640
2946401
3286262
4043709
2282760
3711950
4542760
3275477
4035310
2260506
2947284
3290907
4051236
3100233
3827683
4659872
1987542
3277325
2268163
2947669
4102258
1300052
2477477
3226823
3898955
4765051
1734406
2064442
918466
2270251
2952959
4209585
1313670
2271548
2954567
3551675
2597284
4899060
1749408
2945712
3282945
918811
2271993
2961354
3574904
3274998
4034871
1749715
2144898
3286988
4045856
4583542
3275590
4035376
2266991
4053243
2716008
3277377
4035729
2948074
4137799
2485084
3231228
4810863
2857666
3277862
918533
2892431
3278076
4038157
918607
2271763
2957058
3553996
1380830
2597846
1749475
2089647
2945942
3284378
4040550
2272051
2966216
3638539
4439558
2625198
3275170
4034985
2946987
3287741
2330821
3780539
4616628
3276073
4035430
2267863
2947459
4054626
1299921
3891281
4679605
1734239
4035950
916096
2268325
2949432
1300206
2525352
3234033
3909736
1734613
2894029
3278639
918631
2271863
2957620
3554103
4324494
2600196
3248057
1749546
2092644
3284734
4041374
2272186
2968720
3275325
4035061
2947122
4048417
2330867
3060021
3799932
4651751
382589
1889968
3277122
2267935
2947516
4067427
1299985
3895648
4719624
1734300
2774379
4036238
2268550
2951346
4158811
3236372
4888318
1734694
2583292
3923715
4897740
1737923
3281339
4038424
2271907
2958317
2606979
1749619
2096148
2946224
3285043
4043193
2972526
4491713
1595436
1753444
3275427
2255344
2947205
3290423
1295560
2330924
4657672
382685
1733422
3277269
4035611
866803
2268100
2947610
4094069
2455597
3226788
3896821
4751408
1734383
2064401
2805949
3277675
4037899
918456
2268749
2952154
4184407
1311696
2271348
2953569
3534409
2593545
3246872
4899046
1749377
2087493
2940422
3282251
4038885
918733
2271972
2958699
3554227
1493777
3274838
1749683
2120796
2946520
3286530
4045318
1764619
3275543
4035352
2266005
2947315
3297649
4051578
1299850
2330993
3112807
3851317
1734139
2018119
3277344
4035683
2268194
2947735
4120764
1300097
3228182
3903788
4800920
1734419
2067990
3277828
4038042
918499
2271670
2955480
3553966
2597671
3945200
4899573
1749439
2088316
2945803
3283251
4039134
918832
2272013
3599294
3275033
4034918
1749828
2946915
3287163
4045978
3766983
4594310
3275613
4035396
2267849
2947387
4053707
1299890
2347160
3179875
3883949
1734226
2731964
3277390
2268280
3452321
4142628
3909520
4818099
1734539
2082839
3277885
4038122
918563
2894020
3278174
4038188
918620
2271847
2957413
3554039
2598531
3974697
1749498
2090147
2946026
3284645
4040813
926323
2967918
3663906
4445027
1749932
3275261
4035000
2947055
3288178
4047453
4643515
1863319
2645000
4035515
2267881
2947496
3362221
4062173
3894434
4682474
1734277
2760847
2268441
2950226
4149614
1300234
3234380
3909899
4882648
1734648
3237870
3923411
4890174
2894057
4038373
918638
2271893
2958109
3554132
2605900
4017932
2946154
3284886
4042568
2272265
2968871
3685522
1750209
3275384
4035115
2947145
3290007
4049612
3066728
3802147
4657455
1725071
1938269
3277185
4035562
2267988
2947561
3387303
4083111
1299994
3895752
1734348
2064329
2785020
3277647
2268623
2951782
1300381
3923962
1745237
3281812
4038852
918690
2271929
2958591
3554152
1484266
3274783
4034760
1749639
2109239
2946375
4043658
2282741
3704673
1762642
3275474
4035303
2257820
2947278
3290774
4050931
4659219
1734051
1984550
4035649
2268152
2947653
4095743
3226822
3898841
2064430
3277733
4037958
918465
2268906
2952915
3525283
1313174
2954547
3547844
3935697
1749405
2945687
3282850
2271989
2961257
3574901
4422210
4034856
1749707
2946759
3286772
4045802
1206726
3755234
1677503
2632828
3275561
4035369
2266898
2947338
3312743
4052393
1299864
2331083
4667051
1734198
3277362
4035720
2268240
2947826
4125205
1300105
2484565
3229475
3909051
4809409
1734522
2073521
2851615
4038086
918529
4038146
918604
2271699
2956335
3553990
2597783
3246976
3959534
4901876
1749460
2089638
2945926
3283753
2272050
2965778
3275133
4034975
2946979
3287453
4046624
1221801
3275987
4035408
756284
2947451
4054588
1299920
3196328
3889401
4676851
1734235
2738467
3277403
915106
2268318
2949404
3458274
4144741
1300204
2513400
3233512
3909609
387431
1734598
2881607
3278009
2894027
3278419
4038242
918626
2271861
2957556
2599232
3977956
1749509
3284711
4041185
2272152
2968708
4445177
1750081
3275324
4035055
2947095
3289251
4048386
2330860
3059927
3277105
4035541
2267927
2947509
3367488
4067279
1299967
3209493
3895526
4683310
1734297
2063944
4036151
917584
2268470
2950413
1300289
2554607
3235023
3911785
2582843
3923537
4897181
1734794
3281094
4038423
2271903
2958236
3554144
2606713
4033697
1749608
2946216
3285018
4043074
2278570
2969550
4491665
1752392
2631281
3275411
4035190
2252952
2947182
3290347
4050232
2330916
3078421
3806934
4657629
1732863
1963471
3277254
4035602
2268088
2947598
3400360
1300009
3226725
3896530
1734381
3277670
4037824
918433
2268725
2952072
4178115
1310744
2591561
3246851
3927758
4898630
1749373
918724
2271956
2958691
3554202
4408091
3274828
4034798
1749662
2946417
3286388
4044925
2283170
1764154
3275542
4035350
2260822
2947313
4051319
1299772
2330974
3112324
4663018
1734132
2015404
2708143
3277343
4035659
2947733
4118931
1300076
2481741
3227363
3903662
1734416
2066243
3277798
4038033
2953554
4222998
2954839
3553416
2597510
3944303
2945784
3283194
4039127
2272001
2962403
4430909
1514085
3275023
4034899
2946820
3287135
4045969
2302524
3761296
4594208
3275608
2267814
2947365
4053544
1299888
3883860
4673787
1734222
3277381
912701
2268270
2948737
3450542
1300123
2497723
3232343
3909509
4817080
1734535
2075723
4038115
2087196
2894017
3278124
4038187
918613
2271819
2957345
3554035
2597890
3973552
4905546
1749487
2089858
2946007
3284641
4040763
926297
2966770
4440622
1524945
1749891
2625944
3275202
4034995
2216559
2947031
3287907
4047331
3781572
4631880
2640582
3276750
4035500
2947478
3358828
4055990
3198963
4681813
1734267
3277523
4036016
917283
2268428
2950224
4149313
1300232
3234336
3909825
4880122
394331
