592280
2709077
2857942
3692350
2629525
2638353
1945372
4374563
4027163
2038549
3094088
2666817
1957061
3030052
1970268
2542640
2991922
2992254
2352956
3418790
3329146
2085653
3222069
3318931
2015685
2084805
2941196
3483573
3094953
879208
3232882
1490202
4780800
4652220
3126194
410020
2091927
2070185
1333273
3158367
408774
716523
4356351
4049224
2587841
3265885
1332630
2555797
3839653
2327259
875223
1372629
2225596
2216253
2735812
827239
3479306
4009403
4159529
1714853
3787011
4269385
3056840
1335223
1704496
1800150
4576506
571872
3779437
2191267
3594468
4891554
1926886
2558495
1205235
1869330
1801123
4307315
2892357
2344182
3304058
1784121
4177822
754043
3406159
3461207
3469536
2835129
4421785
2970805
1989280
3543535
2339474
4261683
2162745
4664747
4060306
5037891
2099791
3901875
1713531
5186958
4172854
3986796
3199625
2256963
5115359
3383410
2990751
2559352
4421401
3328438
3988748
4081747
2963583
2536457
4461576
4327435
4095217
5165865
2311769
3849557
4439058
4171779
2059820
2748118
4762801
2666652
3569133
5199726
4682340
2642901
3463787
4957612
3380271
2747754
2985684
3923348
3945528
3097403
5006547
4177568
2350333
4228315
5122814
1470607
4527009
3303096
3999841
4785266
2675138
4127085
2827327
4227762
2991852
3748758
4394831
5291200
3125232
3429690
5083792
2877390
5217872
3004510
3792255
2483141
3869753
2732201
3461306
2345542
5257728
1686186
3807945
4480199
3904925
4700414
2650801
4083513
4919078
5148525
4331768
5279750
4525450
3250205
3985758
3391966
4994007
3532417
2258932
5173685
1536199
3740407
3108237
3827517
3304135
1967917
2683515
4237884
2318699
5291386
3850958
4604848
2635017
4832225
2714299
5086970
3629010
5225046
3805213
2502613
3890009
1823605
3372445
4067022
2037373
4876190
4176473
5135757
2944429
3666005
4317827
2350102
4506845
3928928
3387981
4094085
2759059
3497206
4184371
5162913
2974645
2364307
5287101
4530062
3255014
4783868
4125924
5010692
1355462
2272856
5175073
4375206
2395577
4820207
2699258
3428914
5216901
2993802
4424981
3868849
4621298
3333778
4049554
5102654
2901757
3642732
4287497
3807745
3904675
1833873
3940929
4691071
2650652
3478166
4177677
4522185
3249535
3983843
2662434
3390446
4106030
4991780
2775649
3511023
3725703
4350984
2376271
3824150
4542125
4005863
4810503
2682134
3415376
4143678
2142079
5029711
3553881
5195059
3775586
3137537
2614851
4651121
4830827
4163674
5086363
2884519
4281246
2333332
5224236
3021739
3804905
3182979
3885605
1823125
2642382
3367727
4065149
2736033
4175847
2212765
3665464
4312005
3812688
3229337
4712769
3387720
4946977
4181621
2233913
5159279
3703833
2353869
5284551
4529910
3275750
3987641
1945661
4117880
2804640
3538958
5175012
2991823
1722227
4819823
2688522
2155112
5058928
2874455
3583437
2992436
3858896
2625458
4654183
4049394
4847088
5100940
2343601
1677272
2507902
3217742
3935773
1833993
4078088
2038586
2743141
2216891
2961696
3677174
5268735
1703584
3239657
2661669
4100490
2085383
4968226
3508061
3723419
4347089
5290562
3103650
3303982
2141774
5015661
3551085
2294502
2991858
1582420
2414908
5291320
3841591
2633998
3435528
2180217
5084013
2883270
3598480
5219020
3800830
2484541
3164951
3365701
4063473
2021957
4869282
1269435
3659903
5260636
3058593
3811923
3922192
3941844
3387185
4085200
4946828
2749861
3483424
4178521
5157059
4337042
2353809
3820132
2545475
3250403
3275741
3404571
4114301
5174605
2991638
4365634
2388369
3828956
1718414
2559913
3312472
4817411
3425176
4149105
1372611
2319059
5201943
2992343
1800279
4614790
2625249
4835148
2717962
4165434
4282808
5247254
1823607
1833952
4686116
2647437
4877837
3468692
4176836
2350320
3089624
3930129
3970136
2658362
4965122
4187442
3720007
4345551
3260210
