4133285
1724846
3261733
1370479
596480
1372138
411379
3750439
881902
411472
1438194
2713546
1372170
2125575
3784576
4093779
1607720
407497
1979559
3996684
1214185
2329006
2759518
2667106
776862
3302158
2034070
2637871
4093909
3855990
4514671
936761
1645668
2700607
1823576
1724798
4395291
4093837
2895908
3098022
2098421
3304456
3432087
1834425
1824019
847091
3301668
1615044
2630247
3300149
3303557
2992518
4344033
3290346
1542085
2350015
3222075
1822377
2131555
966172
2350181
1365597
3300528
4067030
408781
410008
3348898
3996635
4076534
1829774
3996663
862164
1372586
1823408
410923
4072745
967578
4105147
1271311
3380811
3996682
3378838
3909769
2348761
1834534
1834612
1372072
3934569
2655540
672883
4007070
3304371
3325251
4093984
2650433
2482937
3804620
2992523
2991789
4093777
967891
4007080
4128731
1378019
1829778
1834306
1833974
1372632
1834075
4422754
1895643
1823566
4344747
981233
4063409
1833941
3301649
973852
4067369
1823591
1719989
2707752
968600
4093753
968939
1823726
3310741
408870
1823617
4695928
4063132
3013670
1636438
632580
967469
2348487
4398782
3996714
968113
2348243
2651518
2348251
2905282
1364483
3012234
4067953
3305311
4172703
2349061
2991837
3996589
1372365
3066497
1834116
2350210
3312113
758562
2992358
4003413
4093769
1834618
3313946
968953
2999164
4067150
3302085
4094007
2345719
3368220
3004048
4067586
1823728
3304250
4104645
4105528
2348296
2990931
3012639
1833574
3307970
4254832
2349905
2991940
3996657
1372434
4077373
2350282
3312793
4687686
4093821
1992660
2629124
3314449
969019
3001499
4067280
1823564
3302291
4094392
2347991
3389597
3004210
4067674
1823802
3006588
4067740
1823841
3304462
2348364
2991171
3919430
1372209
3012961
4068906
1833946
3309783
2349991
2992030
3996675
1372601
3228282
4080559
1834311
2350365
3313097
962688
2992742
4046547
3301821
4093899
3314721
969062
3003213
3302924
4098562
2348212
2719707
974576
3010966
4067782
1823955
3304583
4149633
2348486
2991404
1372256
3013409
4073724
1833989
3310764
4396144
2992103
3996696
3250152
4081751
1834441
2350476
3313467
2993584
1613509
3301880
4093956
2287523
2655539
3003817
4067476
1823618
3304053
4100562
2348225
3707682
2873827
3011942
4067911
1824022
3305104
4152585
2991783
3996585
1372303
4075946
1834076
2350171
3311719
2992274
4001251
4082157
1834550
2484193
3313667
968903
2997714
4067110
3302005
2655588
3363842
970883
3003954
4067535
1823710
3304192
4102971
2348241
3304278
4105224
2348270
2989679
3809137
3012430
4068022
2349832
2991910
1372382
3083201
1834137
2350260
3312339
2992457
4006976
1380840
1841667
2520308
3314141
968992
3000083
4067239
1823548
3302159
4094114
2655626
3379594
973586
3004156
4067621
1823814
3304426
4106333
2348320
2991052
3012718
4068224
1833927
3309163
4273495
2349961
2991960
3996661
1372491
3120181
4078156
3312890
4705063
2992567
3301700
4093838
411664
2036910
969033
3002572
4067338
1823572
3302352
4095413
2348128
974361
3004615
4067698
3009129
4067752
1823872
4134028
2348381
2991347
3940916
1372233
3013170
4069278
1833960
3309944
4371074
2350042
2992076
3996681
3249544
4081052
1834385
2350420
3313242
967288
2992809
3301843
4093929
3314844
969082
3003343
4067384
1823610
3303986
4100340
2348215
3564195
977947
3713659
3011678
4067821
1823997
3304719
4151471
2348595
2991493
3983719
1372273
3013727
4074692
1834026
2350107
2992137
3996730
1372748
3250220
4082024
2367252
3313556
2995933
4067017
3301917
4093970
2323333
2655555
3358236
969185
3003843
4067510
1823649
4100960
417563
2348229
2348247
2905133
3764138
3012233
4067936
1824153
3305204
4171459
2349021
2991835
1372362
3060388
4076256
1834106
2350199
3311800
2992324
4003382
1379899
2502913
3313844
2998514
4067145
3302078
4093998
2343997
2655598
3366467
3004039
4067583
3304242
4104344
3304285
4105518
2348286
2990917
1371965
3012628
1833533
3306837
4247676
672890
2349901
3996653
1372423
3107986
4076775
1834166
2992511
1381031
3301643
4093805
2628937
3314448
969017
3001376
4067263
1823559
3302252
4094308
2347822
3384167
973769
3004169
4067668
3006470
4067737
1823839
4126486
2348361
2991111
3910186
3012954
4068731
1833942
3309660
2349986
2992004
3996665
4080554
2350354
3313049
2992643
4046352
3301818
4093890
3314651
3002949
4067368
1823585
3302639
4096723
2717155
974523
3010949
4067779
1823948
3304582
4144807
2348429
2991389
3955982
3013361
2350092
2992098
3996686
3250150
4081411
1834430
2350455
3313349
2993520
4066488
3301876
4093946
2655533
969131
3003709
4067452
3304017
4100513
2790235
2857794
3011936
4067909
3305089
4152579
2348714
2991680
3996280
1372298
4075904
2350144
3311669
4453015
2992243
3996781
3259615
4082135
1834547
3313579
968887
2996581
4067101
1715133
3301997
4093978
970771
3003918
4067528
1823668
3304188
4102791
2348240
3304275
2348256
2988979
3807318
1369088
3012375
4068005
3305414
2349719
2991874
3996613
1372376
3073517
1834125
2350247
3312296
4616653
2992439
4003625
1380627
3289297
1835579
2514980
3314131
968967
3000066
4067192
4094057
2347422
2655621
3379139
973538
3004132
4067614
1823744
3304424
4106224
2348316
2991047
3883311
3012669
4068223
1833923
3308497
2349950
2991954
3996660
1372489
3114909
4078030
1834201
2350299
3312845
2992525
4007611
2629162
3314513
969032
3002434
4067324
1823571
3302340
4094955
2348110
974259
3004283
4067681
1823808
3006889
1823867
3304470
2348375
2991345
1372222
3013155
4069085
1833958
1372628
3239673
4080722
1834356
2350396
3313241
2992786
3301827
2646904
3314823
969072
3003333
4067377
3303904
4099136
2348214
974686
3713526
3011014
4067802
1823994
3304597
4151343
2348521
2991458
3981090
1372271
4074632
1834021
3311171
2992131
3996718
1372664
3250200
4081987
1834464
2350578
3313510
968368
2995742
4067012
3301903
4093960
969184
3003832
4067496
1823626
2348228
2896002
3755733
3012188
4067922
1824129
3305196
4166329
2348777
2991796
1372361
3051837
4076250
2350184
4508562
2992307
4003358
1379883
4092182
1834589
2486584
3313720
968926
2998472
4067133
3302033
4093995
2655594
3365954
971689
3003970
4067554
1823720
3304202
4104209
2348245
4105458
2348278
2990810
1371830
3012522
4068060
1833261
3305818
2349900
3996647
4076742
1834141
2350271
3312655
2992497
4006994
1381002
4093801
2624984
3314193
3000161
4067252
1823558
3302246
2347779
973749
3004164
1823777
3006077
4067730
1823836
3304449
4122203
2348338
2991095
3012921
3309430
4334190
2349985
2991998
1372516
3209309
4079520
1834286
2350353
3313025
4710004
2992612
4020256
3301755
4093855
3314627
3002851
4067365
3302451
4096392
2348200
3519575
974510
4067762
1823940
4142415
2348405
2991380
3950450
3013339
4072371
1833966
3310393
2350088
2992093
3250143
4081318
2350442
3313314
2992987
4064528
3301859
4093944
2655523
3315445
969114
3003549
4067439
1823615
4100476
2348223
2787351
3702942
1005253
3718592
1209981
3011909
4067902
1824015
3304751
4152529
2348694
2991624
3993472
1372294
4074969
1834045
2350140
3311356
2992242
3996757
1374026
3250422
4082130
1834540
2473630
3313562
968664
2996221
1691299
3301956
4093977
2325456
2655576
3362915
970750
3003895
3304145
4101378
2348232
4105051
2348254
2909023
3012347
4067976
1824179
3305383
2349278
2991864
3996605
3067686
4076297
1834122
2350214
2992406
4003437
1380528
3288083
1834672
2513419
3314099
2999389
3302136
4094048
2346667
2655620
3004053
4067604
1823731
3304263
3304410
4105720
2348310
2990975
3012649
4068164
1833915
3308435
2349940
2991943
3996658
3114672
4077995
1834193
2350298
3312797
4694681
4007097
1405677
3301658
4093823
3314496
969021
3001622
4067300
3302327
4094569
2348105
973853
3004281
4067678
1823807
3006881
4067742
1823849
3304468
4132675
2348368
2991209
3923030
1372218
3013015
4068938
1833951
3309824
2349992
2992038
3996678
1372618
3239640
4080702
1834312
2350376
3313228
4763180
963605
2992778
4050209
1486667
3301824
411795
2131724
2641612
3314801
969063
3003327
4067376
1823596
3534026
974662
3010972
4067800
3304587
4150418
2991405
3978229
1372260
3013413
4074208
1834013
3311019
2992115
3250158
4081809
1834459
2350559
3313507
2995470
4067007
3301887
4093957
969148
3003818
4067490
1823620
3304076
4100623
2348227
3709182
4067917
1824077
3305134
4154537
2348764
3037221
4075986
1834091
3311721
4503758
2992297
1378626
3263879
2485109
968909
2998146
4067131
3302028
4093993
2339468
2655593
3364293
971402
3003968
4067549
1823716
3304197
4103272
3304281
4105428
2348273
2990028
3809207
1370969
3012520
4068039
4189025
2349886
2991917
3996643
1372398
3084119
4076736
1834139
2350267
3312380
4649641
2992470
4006980
1380914
4093796
411588
3314160
968999
3000094
4067249
1823555
3302190
2347702
3004157
4067630
1823772
1823828
3304448
2348330
2991062
3906677
3012747
4068279
3309423
4287731
2349969
2991971
3996662
4078768
1834230
2350331
3312934
4708301
2992600
4019874
1453505
3301708
4093848
2630148
3314592
969039
3002688
4067360
1823574
3302379
4095919
2348166
3513138
974399
3005605
4067719
3009162
4067761
3304531
4139860
2348401
2991358
3949793
1372236
4069768
1833965
3310319
4388040
2350070
2992084
3250134
4081177
1834415
2350430
3313288
967329
2992823
4063915
1597174
3301852
4093937
3314919
969105
3003460
4067414
3303990
4100468
2348216
2838481
3714126
3011774
4067838
1824007
3304727
2348608
2991537
3993398
1834042
2350139
3311310
4438619
2992168
3996735
1372969
3250225
4082095
1834538
3313561
2996023
4067026
3301936
4093976
2325454
2655573
3360661
969626
3003863
4067513
1823656
3304126
4101004
417566
