2074753
2431991
1294978
5290411
1490870
2216635
993287
1920003
1960134
949635
1801246
3622226
1018902
1517570
949647
2174158
2109458
3036483
3124215
1942456
3156032
1811513
1058609
2615436
3102263
2733182
1590089
2638833
3361256
4945138
2761011
2235464
2561986
2742225
1714936
1960742
1418014
1432597
2567742
4358782
896976
1728118
2700666
2205109
2812048
2321535
4205313
3835455
3158483
4235955
1375296
3116827
1038625
3729814
3865385
1868346
1007290
3124306
2670290
2487148
4169305
3019014
1878319
2245221
1133339
4331576
2702611
1427284
3167871
2010250
2494180
2523628
3631965
2043474
2090550
3125868
1724772
3125333
3410653
3083208
5502741
3883221
1150081
2652057
1528479
3411161
3842063
4123897
5512343
1841195
3920367
4202056
3350341
3202482
4799647
4084945
1837762
2567726
2667549
2014787
2211431
2747483
4795848
2914971
2993551
1685838
2989537
2337588
4855111
2392564
4430019
2533628
2544487
3996733
2108935
1961765
1583281
2713965
2718468
2760370
2014582
3772722
2700589
5289888
3098954
3814286
5046326
4372601
2727101
4313352
2421311
3704578
2885885
4801661
3949837
3827564
3112777
4441908
1678665
4364025
2700645
5205112
4788356
4123943
3371496
3492201
4466255
4108241
4397737
3321827
4199964
5395672
4302524
5503780
5391743
4240667
4996806
3708192
1846178
2052883
3220472
3718616
5217084
2211375
4450653
4108244
3926538
1232433
5152850
1583297
2375462
4572578
5248057
5458695
4338886
4519011
3278415
2700709
3612449
1695226
4376620
3697244
3366352
4372409
3785092
2282826
2179539
4511299
4864093
2604519
5458842
4437796
3054997
2061800
5233278
4471745
4108232
3058933
5050305
4108226
4385146
1652242
2642149
5316817
4120087
1455644
2834300
5258778
4467784
4264966
2468088
4108380
5520079
2906138
4821953
2542568
4115172
3758792
5314554
4119019
2285428
3790182
1444289
5427296
2743607
4123486
3830861
4108318
4163806
3143651
2159361
5257787
4109705
2974231
3950119
2709743
4115778
4262230
1972037
4543735
5020820
4121121
4323265
3449449
4619058
4370724
4108363
5517680
2537838
5282265
4114769
3247118
3755036
1360911
5295819
4118936
4108194
2743606
4123482
2664664
4108274
2774939
4148987
1841499
4373925
2132797
2699356
4109271
4203996
4416797
4115689
3317304
5009367
4120439
1756070
2671999
5514490
4188516
3150592
4381122
4113253
4215861
2200306
3748674
4915142
3967314
5292461
4117753
4290125
3345197
4108150
2743594
4123209
3389746
2361967
5188066
4108272
5498265
4124243
2081558
4786718
2694746
4108391
1882814
3159668
2182072
2700723
4115632
3005504
2577000
4016124
3071624
4584174
3802380
2639573
5451267
2743613
4123858
3566947
4108325
3144101
4380348
2172117
3658770
4109719
4209273
4909008
4117113
4549527
3771093
5029931
4108138
2743570
4121210
3384844
4620177
5183035
4108268
5492153
4123979
1484318
2397324
5346640
1715605
2175611
1083344
2065451
1410382
1018920
1587624
2119900
1251170
2040413
1865891
951430
2181962
1092110
4032951
1385080
3161286
2060401
1375051
2235317
1103604
1849349
1519167
1150036
1174958
4943823
3429972
1177404
3143315
4169282
3274375
3147388
1258304
1568094
3242044
1208871
4555570
3245489
1224792
1191619
1836405
1737531
2003669
3844338
2037319
1686163
5021849
912969
1415657
3944013
4169950
1613723
2025773
4553617
1320629
1583284
4233768
3765373
5484476
5545407
5228826
1680227
5004807
5285676
5451897
4949517
2698726
5006822
2988595
5368975
4917724
5022796
2796320
2857950
4886920
1450386
2446970
5440779
2722065
3813703
2537377
4832101
3583744
2321399
3802219
2527948
2228306
3446038
5169475
1773188
4539185
4904022
2260999
2467884
1933835
2781695
2063694
5106969
3030816
2041879
3437642
3813536
4284536
3220793
3834450
1981391
3480693
2070161
4620491
3089402
4062620
2016123
4174087
3835270
4053403
2569089
2243165
2980788
4222620
2700035
3153166
2062211
3349419
3704372
4324622
3158730
4428460
4633565
4079175
3627303
4258986
4825599
3917247
4571869
2544668
3833524
3455837
4778559
3172551
2528689
2457771
1968184
3635422
3176333
4166806
4088552
3729171
5101804
2181963
4103802
2402396
2942734
2875744
3835510
3375090
4874818
4248590
2890297
3703684
3834495
4480174
2267578
3704304
3850643
3290987
3912970
4267133
4246428
4453094
2351613
3724287
3938702
4113717
4174935
4473540
4251435
3357278
2607907
4120813
3001377
3205097
2622025
4232240
4459703
2825319
5216289
4196231
3764122
2665260
3713458
2665319
5139478
4630776
4315752
2547236
4555588
3530215
3531263
3635183
4662155
4221463
4614299
4874698
4413710
3863658
4483715
3294029
4991643
4664769
2573722
2613055
4991649
3921066
4039582
2572191
4695029
3092969
3637514
4750001
3437731
4356691
2561504
4320534
4359782
4247464
4706101
4211625
3899640
2055047
4342173
4438177
3962735
4382062
3100094
4295544
3938720
4268776
4411220
4643956
5040477
3894674
4384268
2559752
3822302
3993949
4290740
3928367
4226543
4427182
3930375
4319053
4573675
4427053
3961399
4541026
4481671
3798630
3114841
4330397
4232868
4769080
3906532
4053775
2663423
2857714
2542290
4549805
5080382
4434619
4010599
4631597
3422820
4112850
3747124
4052896
2826427
4324165
4659298
4626861
1987577
4533794
4357161
3351376
4555615
4211766
3608661
3824258
3824120
4559998
4355889
5321713
3788991
3898935
3945857
4595012
3751410
4227603
3818462
3962344
3430291
4780468
2332172
3872161
4610760
4215152
4268611
4481106
3794861
3231880
4499238
4305496
4247754
2574477
4804681
3635125
4755510
3002765
3734869
4170404
3635333
3838871
2700586
3727793
3900758
2615936
4305479
5474467
4493276
3844622
4370707
4372106
5070876
4265794
4595371
4511818
5229580
2977841
4815165
4552257
4265812
4061798
4984765
3635282
4331986
4514575
4303573
4488947
3635259
4765542
2885816
4413282
4522228
4281293
4302550
2625929
4779554
3124754
4823305
4557656
4744776
4522077
3635248
4528383
3360285
4471334
4245163
4302877
3903828
4472025
3870724
4276744
3224314
3635255
4745040
4679194
3635243
4993164
5040931
4482081
4283006
4410966
4299851
4806481
4211505
4638204
4198213
2698312
4272901
4316026
4779723
4971420
4308047
4300134
3760914
4492892
4399201
4750402
4402487
4289567
4400627
4614439
4221024
4476790
4229415
4342223
4266047
4637691
4475546
5329090
4619472
4572871
4807618
3760194
4596695
4390119
4387000
4753410
4262526
4680865
4164380
4751240
4138319
4285966
3677474
4114287
4274668
4666404
4621621
4574234
5228451
4331263
4405411
4439251
4547079
4744530
4464654
4605227
4405336
4376836
4342064
3438315
4331504
3232083
4313242
4810201
3783357
4091277
4563788
4691989
4740642
4434801
4187663
4523379
2796421
4294625
3635258
2591760
4608630
4564443
4421934
4797579
4436369
4264352
4649698
4452902
3425418
4205295
4630974
4404889
4675382
4214682
4260444
4267754
2197683
3533065
5128870
5133551
4269127
3757865
4958781
4226577
4630585
4754401
4909085
5502116
5119471
2568753
4365261
4875210
4030780
3804817
4075571
4577463
4792976
5183237
4445340
4913085
4348743
4171098
4313555
4233800
4688926
4189039
4763404
2651979
3866521
4572744
4904972
4603785
4347484
4700635
4573842
3842783
4475120
4304193
4643341
3860821
4047198
4551247
4203378
2257111
5277425
5456075
2579408
3900806
3980735
5341796
3820460
3958744
4418188
3806326
4232678
4049338
4752062
4789886
5116351
5156367
4689776
4477977
4679378
4214095
3793066
4357302
3811943
2700604
4180208
5116098
3913996
3180038
4591441
3932887
5308779
4362450
2549439
3815304
3166736
4502206
4527016
4212217
5272075
4630260
4401235
4446133
4339095
4683640
3854541
3376371
4227636
4562565
4392636
4817978
3917979
3209245
2208621
4862464
4549348
4169849
2537308
3116359
3819626
4194965
2165250
4514466
4581405
4405521
4204683
2962133
1947337
3812098
2827343
3565510
4202250
4448478
4285790
4258363
2641083
3402065
4795436
2698531
3883691
4005858
2550678
2148908
4441519
4246203
3928240
