29.0
31.0
26.0
26.0
26.0
26.0
26.0
26.0
27.0
26.0
25.0
25.0
44.0
26.0
42.0
25.0
26.0
25.0
24.0
42.0
25.0
24.0
23.0
23.0
23.0
24.0
23.0
25.0
26.0
26.0
26.0
26.0
26.0
26.0
26.0
26.0
26.0
26.0
26.0
26.0
25.0
26.0
25.0
26.0
22.0
23.0
22.0
23.0
22.0
23.0
22.0
22.0
22.0
23.0
23.0
26.0
32.0
24.0
24.0
29.0
28.0
28.0
24.0
26.0
29.0
39.0
25.0
27.0
27.0
27.0
41.0
27.0
26.0
25.0
27.0
26.0
40.0
28.0
25.0
24.0
24.0
41.0
24.0
24.0
24.0
24.0
23.0
25.0
24.0
24.0
24.0
24.0
24.0
22.0
24.0
25.0
25.0
25.0
26.0
26.0
