28.0
28.0
28.0
28.0
28.0
28.0
28.0
28.0
29.0
28.0
28.0
45.0
28.0
28.0
28.0
28.0
30.0
28.0
29.0
28.0
30.0
29.0
28.0
43.0
24.0
26.0
26.0
26.0
26.0
26.0
26.0
27.0
27.0
29.0
29.0
29.0
28.0
28.0
28.0
28.0
29.0
28.0
28.0
28.0
28.0
28.0
28.0
28.0
28.0
28.0
28.0
28.0
28.0
28.0
27.0
27.0
28.0
28.0
28.0
28.0
29.0
28.0
28.0
28.0
28.0
28.0
43.0
28.0
28.0
27.0
27.0
27.0
28.0
28.0
28.0
28.0
28.0
27.0
27.0
35.0
37.0
37.0
36.0
37.0
37.0
37.0
38.0
37.0
37.0
37.0
37.0
37.0
37.0
37.0
37.0
37.0
37.0
37.0
37.0
37.0
