22.0
38.0
19.0
19.0
20.0
20.0
20.0
20.0
21.0
20.0
21.0
21.0
21.0
21.0
20.0
21.0
21.0
27.0
21.0
20.0
22.0
22.0
24.0
22.0
21.0
22.0
22.0
23.0
22.0
23.0
23.0
23.0
22.0
23.0
24.0
23.0
22.0
22.0
29.0
19.0
20.0
19.0
33.0
20.0
19.0
20.0
19.0
21.0
21.0
20.0
19.0
20.0
20.0
20.0
20.0
20.0
20.0
21.0
20.0
20.0
20.0
20.0
20.0
21.0
20.0
22.0
20.0
20.0
20.0
20.0
20.0
20.0
34.0
20.0
20.0
21.0
20.0
20.0
21.0
24.0
24.0
23.0
26.0
29.0
28.0
23.0
35.0
23.0
37.0
23.0
23.0
22.0
24.0
23.0
22.0
23.0
23.0
37.0
22.0
23.0
