26.0
37.0
26.0
26.0
40.0
28.0
38.0
34.0
25.0
24.0
42.0
50.0
53.0
29.0
29.0
28.0
28.0
34.0
31.0
33.0
31.0
26.0
26.0
39.0
21.0
20.0
21.0
19.0
18.0
19.0
20.0
18.0
19.0
20.0
25.0
42.0
29.0
28.0
25.0
24.0
29.0
29.0
29.0
26.0
25.0
28.0
27.0
36.0
29.0
27.0
26.0
27.0
25.0
24.0
24.0
25.0
25.0
25.0
36.0
27.0
28.0
25.0
27.0
27.0
35.0
25.0
26.0
37.0
27.0
26.0
25.0
26.0
37.0
26.0
27.0
25.0
25.0
25.0
25.0
25.0
26.0
25.0
25.0
25.0
24.0
25.0
24.0
25.0
26.0
33.0
34.0
30.0
20.0
19.0
20.0
20.0
23.0
20.0
21.0
22.0
