15.0
15.0
15.0
15.0
15.0
15.0
15.0
15.0
15.0
15.0
15.0
15.0
15.0
15.0
16.0
17.0
17.0
17.0
18.0
18.0
20.0
29.0
21.0
18.0
17.0
17.0
16.0
16.0
28.0
16.0
17.0
16.0
17.0
16.0
17.0
16.0
17.0
17.0
16.0
15.0
15.0
17.0
26.0
15.0
15.0
15.0
15.0
15.0
27.0
17.0
22.0
16.0
16.0
19.0
15.0
15.0
16.0
15.0
16.0
16.0
16.0
16.0
16.0
16.0
16.0
16.0
16.0
16.0
16.0
16.0
16.0
18.0
16.0
19.0
16.0
26.0
21.0
16.0
16.0
16.0
16.0
17.0
18.0
18.0
16.0
17.0
16.0
16.0
16.0
16.0
16.0
22.0
16.0
16.0
16.0
16.0
16.0
16.0
16.0
16.0
