19.0
19.0
19.0
32.0
19.0
19.0
22.0
24.0
25.0
19.0
19.0
19.0
19.0
19.0
19.0
19.0
26.0
23.0
24.0
20.0
32.0
19.0
18.0
18.0
17.0
18.0
18.0
18.0
18.0
18.0
18.0
18.0
18.0
18.0
18.0
18.0
18.0
19.0
20.0
20.0
20.0
21.0
19.0
20.0
20.0
20.0
23.0
20.0
20.0
20.0
19.0
33.0
19.0
19.0
19.0
19.0
19.0
19.0
20.0
19.0
19.0
19.0
22.0
20.0
23.0
32.0
20.0
20.0
20.0
22.0
20.0
20.0
21.0
24.0
20.0
32.0
20.0
23.0
21.0
26.0
23.0
23.0
23.0
35.0
34.0
20.0
20.0
20.0
21.0
20.0
20.0
19.0
20.0
20.0
20.0
19.0
19.0
19.0
31.0
19.0
