5629.0
5700.0
5765.0
5995.0
5541.0
5723.0
5559.0
5505.0
5776.0
5630.0
5740.0
5571.0
5634.0
5758.0
5795.0
5757.0
5648.0
5666.0
5574.0
5852.0
5514.0
5580.0
5630.0
5935.0
5392.0
5588.0
5744.0
5564.0
5610.0
5637.0
5519.0
5670.0
5770.0
5750.0
5744.0
5502.0
5395.0
5783.0
5899.0
5571.0
5535.0
5872.0
5818.0
5455.0
5676.0
5558.0
5565.0
5644.0
5725.0
5848.0
5644.0
5824.0
5558.0
5615.0
5643.0
5560.0
5936.0
5605.0
5635.0
5634.0
5700.0
5711.0
5617.0
5646.0
5914.0
5612.0
5679.0
5670.0
5689.0
5685.0
5477.0
5777.0
5709.0
5747.0
5495.0
5568.0
5487.0
5980.0
5855.0
5595.0
5760.0
5754.0
5543.0
5599.0
5522.0
5567.0
5569.0
5788.0
5537.0
5986.0
5853.0
5502.0
5857.0
5574.0
5647.0
5817.0
5400.0
5579.0
5975.0
5760.0
