3887.0
4037.0
4051.9999999999995
4054.0000000000005
3998.0
4023.0
4070.0
4104.0
4086.9999999999995
4008.0
3963.0
3870.0
3887.0
3869.0
3899.0
4083.0
4051.0
4140.0
4006.0
4154.0
3853.0
4008.0
3958.0
4061.0000000000005
4112.0
3809.0
4038.0000000000005
4178.0
3920.0
4042.9999999999995
4148.0
4137.0
3903.0
4030.0000000000005
4029.0
4066.0
4018.9999999999995
3926.0
3860.0
3807.0
4038.0000000000005
4206.0
3964.0
3974.0
3968.0
4075.9999999999995
3977.0
3955.0
4106.0
4093.0
4104.0
4363.0
4198.0
4186.0
4120.0
3785.0
3973.0
3974.0
4062.0000000000005
4054.0
4116.0
3827.0
3828.0
3829.0
4017.0000000000005
4150.0
3868.0
3910.0
4089.0000000000005
4161.0
4349.0
4135.0
4037.0
3934.0
4106.0
3900.0
3915.0
3959.0
4422.0
3992.0
3961.0
4061.0
3804.0
3949.0
3815.0
4095.9999999999995
4054.9999999999995
3844.0
4034.0
3906.0
3968.0
3918.0
4047.9999999999995
3840.0
3805.0
3924.0
3734.0
4001.0000000000005
4179.0
3944.0
