15158.0
14611.0
14826.0
13865.0
13667.0
13585.0
13856.0
13698.0
13772.0
13522.0
13533.0
13583.0
13592.0
13547.0
13497.0
13568.0
13694.0
13505.0
13490.0
13497.0
13517.0
13525.0
13699.0
13936.0
13624.0
13548.0
13500.0
13501.0
13680.0
13543.0
13606.0
13448.0
13591.0
13736.0
13545.0
13649.0
13534.0
13470.0
13517.0
13560.0
13686.0
13575.0
13489.0
13515.0
13512.0
13614.0
13508.0
13571.0
13513.0
13547.0
13561.0
13662.0
13519.0
13535.0
13524.0
13476.0
13662.0
13780.0
13572.0
13703.0
13685.0
13851.0
13603.0
13702.0
13687.0
13572.0
13550.0
13998.0
14886.0
13864.0
13600.0
13523.0
13538.0
13513.0
13539.0
13532.0
13526.0
13680.0
13508.0
13653.0
13656.0
13498.0
13558.0
13591.0
13546.0
13548.0
13621.0
13810.0
13456.0
13651.0
13611.0
13545.0
13774.0
13667.0
13666.0
13515.0
13598.0
13533.0
13687.0
13504.0
