556.0
527.0
524.0
526.0
527.0
533.0
555.0
571.0
549.0
544.0
565.0
573.0
547.0
541.0
554.0
552.0
547.0
552.0
558.0
530.0
543.0
550.0
544.0
543.0
543.0
543.0
545.0
589.0
571.0
547.0
540.0
553.0
550.0
546.0
552.0
550.0
535.0
535.0
554.0
548.0
565.0
546.0
561.0
559.0
533.0
580.0
552.0
541.0
554.0
578.0
554.0
564.0
555.0
536.0
547.0
556.0
577.0
538.0
544.0
539.0
541.0
540.0
527.0
547.0
541.0
553.0
550.0
534.0
534.0
527.0
542.0
535.0
549.0
532.0
541.0
540.0
537.0
536.0
532.0
544.0
548.0
552.0
563.0
567.0
594.0
569.0
620.0
583.0
556.0
553.0
570.0
592.0
568.0
576.0
586.0
541.0
559.0
660.0
551.0
557.0
