217.0
280.0
266.0
243.0
232.0
171.0
202.0
240.0
332.0
253.0
254.0
261.0
261.0
241.0
186.0
173.0
181.0
197.0
199.0
241.0
223.0
193.0
178.0
152.0
155.0
155.0
157.0
165.0
154.0
177.0
188.0
182.0
178.0
176.0
254.0
380.0
483.0
537.0
156.0
139.0
145.0
150.0
149.0
145.0
177.0
182.0
195.0
150.0
147.0
140.0
143.0
163.0
141.0
140.0
150.0
157.0
146.0
150.0
148.0
146.0
141.0
146.0
141.0
144.0
154.0
144.0
139.0
139.0
151.0
139.0
148.0
153.0
190.0
179.0
186.0
153.0
145.0
160.0
141.0
140.0
141.0
143.0
143.0
144.0
147.0
146.0
142.0
171.0
165.0
162.0
161.0
160.0
192.0
172.0
173.0
160.0
148.0
146.0
156.0
190.0
