7897.0
8010.999999999999
7644.0
7990.0
7617.0
7873.0
7557.0
7822.0
7613.0
7911.0
7561.0
7673.0
8160.0
7680.0
7879.0
7893.0
7729.0
7557.0
7694.0
7702.0
7783.0
7876.0
7804.0
7893.0
7393.0
7851.0
7909.0
7818.0
7554.0
7909.0
7526.0
7762.0
7572.0
7825.0
8048.0
7580.0
7384.0
7751.0
7754.0
7761.0
7666.0
7633.0
7804.0
7995.0
7650.0
7545.0
7301.0
7655.0
7716.0
7696.0
7500.0
7877.0
7629.0
7991.0
7530.0
7836.0
7667.0
7966.0
7600.0
7528.0
7519.0
7715.0
8032.999999999999
8298.0
8046.0
7863.0
7702.0
7769.0
7631.0
7688.0
7721.0
7885.0
7878.0
7379.0
7855.0
7935.0
7815.0
7831.0
7529.0
7314.0
7684.0
7768.0
8024.0
7410.0
8069.000000000001
7828.0
7794.0
7483.0
7929.0
7661.0
7468.0
7440.0
7943.0
7775.0
7860.0
7755.0
7435.0
7587.0
7775.0
7343.0
