10408.0
9865.0
10236.0
10275.0
10523.0
10030.0
10045.0
9996.0
10500.0
9817.0
10401.0
10234.0
9992.0
10501.0
10423.0
10177.0
9692.0
10009.0
10032.0
10076.0
9738.0
10513.0
10061.0
10226.0
10268.0
9665.0
10680.0
10201.0
10327.0
9905.0
9897.0
9970.0
10097.0
10232.0
10335.0
10053.0
9985.0
10390.0
9540.0
9756.0
10027.0
10272.0
10034.0
9993.0
9705.0
9834.0
10134.0
10175.0
9907.0
10559.0
10295.0
10257.0
9878.0
10480.0
10350.0
10141.0
10239.0
9875.0
9806.0
10010.0
10036.0
10555.0
9821.0
9766.0
10047.0
10290.0
9683.0
10244.0
10216.0
9912.0
10380.0
10152.0
9680.0
10301.0
9950.0
10193.0
10340.0
9666.0
10309.0
10011.0
9636.0
10137.0
10294.0
10288.0
9731.0
10102.0
9656.0
10017.0
9922.0
10090.0
10534.0
9728.0
10613.0
10099.0
10259.0
9892.0
10386.0
10155.0
9829.0
10432.0
