12925.0
12786.0
12702.0
12550.0
12575.0
12821.0
13259.0
12551.0
12546.0
12762.0
12769.0
12999.0
12627.0
12926.0
12778.0
12792.0
12764.0
12579.0
12919.0
12613.0
12601.0
12348.0
12415.0
12439.0
13027.0
12624.0
13161.0
12922.0
12672.0
12606.0
12427.0
12633.0
12783.0
12884.0
12748.0
13112.0
12743.0
13049.0
12697.0
12870.0
12608.0
12296.0
12839.0
12604.0
12850.0
12269.0
13105.0
13207.0
13356.0
12741.0
12758.0
12890.0
12447.0
13042.0
12322.0
12613.0
13054.0
12365.0
11718.0
12292.0
12080.0
12105.0
12167.0
11974.0
11413.0
12143.0
11459.0
11659.0
12224.0
11989.0
11700.0
11295.0
11436.0
11895.0
11782.0
11760.0
11634.0
11134.0
11436.0
11025.0
11549.0
11296.0
11277.0
11445.0
11084.0
11151.0
11687.0
11167.0
11183.0
11075.0
11122.0
11743.0
11181.0
11160.0
11177.0
11315.0
11273.0
11262.0
11124.0
11093.0
