2663.0
2564.0
2638.0
2573.0
2605.0
2581.0
2503.0
2698.0
2509.0
2609.0
2584.0
2566.0
2536.0
2511.0
2465.0
2414.0
2434.0
2560.0
2445.0
2580.0
2452.0
2552.0
2578.0
2577.0
2559.0
2660.0
2543.0
2544.0
2517.0
2653.0
2614.0
2553.0
2644.0
2469.0
2630.0
2582.0
2607.0
2560.0
2752.0
2492.0
2620.0
2505.0
2743.0
2617.0
2505.0
2510.0
2693.0
2673.0
2568.0
2567.0
2435.0
2588.0
2567.0
2727.0
2780.0
2524.0
2575.0
2578.0
2572.0
2544.0
2576.0
2556.0
2523.0
2498.0
2633.0
2578.0
2541.0
2489.0
2581.0
2451.0
2466.0
2650.0
2514.0
2883.0
2518.0
2666.0
2481.0
2523.0
2695.0
2676.0
2540.0
2640.0
2582.0
2560.0
2707.0
2721.0
2648.0
2413.0
2630.0
2608.0
2655.0
2417.0
2661.0
2418.0
2560.0
2372.0
2697.0
2438.0
2585.0
2471.0
