1273.0
1271.0
1231.0
1272.0
1275.0
1244.0
1265.0
1273.0
1291.0
1285.0
1236.0
1250.0
1232.0
1292.0
1393.0
1337.0
1388.0
1335.0
1289.0
1301.0
1362.0
1356.0
1357.0
1323.0
1352.0
1341.0
1293.0
1331.0
1541.0
1475.0
1588.0
1595.0
1510.0
1562.0
1490.0
1501.0
1485.0
1715.0
1494.0
1405.0
1314.0
1317.0
1332.0
1297.0
1366.0
1374.0
1458.0
1447.0
1535.0
1520.0
1566.0
1421.0
1398.0
1498.0
1496.0
1408.0
1494.0
1480.0
1455.0
1431.0
1462.0
1428.0
1525.0
1545.0
1474.0
1524.0
1374.0
1415.0
1428.0
1323.0
1414.0
1394.0
1371.0
1389.0
1499.0
1464.0
1494.0
1554.0
1418.0
1693.0
1367.0
1411.0
1407.0
1518.0
1419.0
1459.0
1374.0
1475.0
1447.0
1355.0
1441.0
1360.0
1357.0
1393.0
1474.0
1406.0
1528.0
1450.0
1328.0
1403.0
