2818607
4156326
1285165
378898
2928751
1339156
913448
596876
1299160
4954109
3743057
881649
954353
906881
3268554
2070701
2224315
536964
924183
2033772
1364558
2588358
2869992
2624301
2634304
1968213
2150897
1256752
871412
3268338
2985691
2026373
848971
2710255
1431729
2755295
876715
3129623
2102832
4034813
773770
3274813
2022997
2575999
3040381
1569412
4035880
2425225
4370734
804046
2120258
4470114
2108025
930056
768669
2549198
1421167
4459215
3534872
2964717
1734185
1093909
1697685
1025638
2373178
4385234
2056180
558621
2141460
3428127
5048660
2416092
4038014
2200816
3096537
3098404
2299443
2086847
1379840
666783
4569722
3519319
882802
2876843
883393
2362194
1732830
2057079
838446
1598173
2293177
2818784
3277743
868836
2630237
2584323
5038788
2619465
1496912
2623912
2234196
3350260
3277519
3784894
2451143
1592650
1513702
2227169
3402596
757576
2055573
2087199
2628411
2624749
1116470
2299859
2947327
2946788
2267857
2947324
3223551
2127113
2218113
1490289
1733579
1880771
2915073
3010150
2471821
4145240
2267872
912058
5047534
2596984
1593713
2688248
1299736
2087280
5064070
2458940
4432666
381077
380658
1873364
3277564
4038110
2994190
3247615
2628934
2630792
2325123
1095713
2746900
3246714
4378492
2765237
2168765
1672933
4066623
1816164
3800795
825843
3688891
2460696
4039373
384433
2074463
2993097
1299853
1734319
3232517
2585924
3246851
4035745
2634106
2362114
917666
2630299
3897883
5263982
1427745
2087350
3274126
1246575
2714076
3806456
1244094
3554010
1699126
2581725
3595644
4164374
3276999
2255531
3246904
1300045
3919392
2087653
629028
1524239
2454581
2624766
3895522
1913159
2567308
1709889
3246699
2180065
664830
1764145
2075275
3327095
1267891
3614922
3246641
2088375
2633714
2090803
2947341
3231294
4094666
1675948
3277589
2330899
3532070
2087281
1664179
1721698
2271020
2140157
3246921
2735116
3248012
5045491
3428624
2946803
2632958
966193
1764676
3246973
2625024
1816180
4095678
3505988
1734392
1357433
5002786
1468534
1749807
3281028
5065082
1749634
3798953
3503684
3247318
4614536
2624649
1772064
2092086
4857330
2685371
2064399
944797
3246956
2088100
1816183
1299637
2087244
4338515
4763269
1368940
2531477
1750106
3274717
4645031
2268761
1271595
1299423
3374206
918807
2968132
2095869
1950053
2683115
4287156
3246349
2087288
2115458
3246947
2632941
3247024
3277562
918493
3262233
2064165
2555866
2631822
1722770
918345
2633537
3554100
1741497
2627189
4035261
3051739
4284328
5253431
4647214
2631979
2999447
3894226
2271531
622405
2625171
3197113
2658062
3855765
3430810
1734251
917245
2087313
2624555
2632677
2633169
2727720
3923493
1534891
4038184
4317389
2632824
918430
2633941
1734071
2628918
2095972
3600092
2624380
2632211
3951410
3246953
2624756
2625523
2529550
1514206
380468
4258814
5235817
4040813
5064323
2271911
2958433
4445051
1749498
2607476
4034890
5045690
926323
3286709
5067470
2280693
2977258
1760006
2631834
3275477
5048549
2947215
4055990
2330932
4683310
2691756
3277325
5049694
2268110
2947631
4149313
5199173
1734277
3226797
4889406
2064405
2806151
4038157
5057687
1300234
2952319
3551675
4316485
5283370
1734648
918620
2942775
3283251
4041374
5065102
2271973
2958812
3638539
4474387
2624636
3274927
4034991
5046625
2946725
3287226
4049435
5067899
2293614
2993883
3780539
4657537
2632702
3275590
4035515
2266068
5149505
1725071
3891281
3277377
4036151
5050925
1299994
2268214
2947754
5204604
1734348
2482760
3229067
3909736
4897783
2839249
3277878
5059190
1300381
2271521
2953812
3553996
4370699
2594156
918638
2597691
5016092
918690
2945878
3284645
4043286
5065367
1484266
2965386
4542760
1749639
3275120
4035104
5048184
2173802
2946933
4050344
5068280
2313246
3799932
4662069
4035576
5048764
2947390
1734051
2347285
3895648
4037899
5053726
2268285
2949128
3233174
4899344
918465
2085161
2875530
3278124
4038424
5060306
1313174
2271694
2955580
3554103
1745237
2271848
2957429
3554152
1749405
2599131
5029910
2946032
3284886
4045575
5065749
4583542
1749707
1749990
3275318
4035278
5048359
1206726
3290423
4051954
5068916
1677503
2330853
3056621
4673787
2646302
3277122
4035659
5048993
1299864
2267886
2947498
4123126
5186596
1734198
3208883
3896821
4817080
4038042
5055294
1300105
2268442
2950283
5224378
1734522
2550471
3234917
3923715
4904854
918529
2894021
3278777
5060769
2271895
2958160
3574901
4439558
1749460
2605971
4034829
5045404
2946161
4046012
2273844
2969301
4616628
3275395
4035357
5048501
1221801
2947161
3297649
4053934
5087431
2330900
3067247
3851317
4681813
756284
3277269
5049414
1299920
2268012
2947567
4143987
5192094
1734235
3903788
4882648
915106
2064334
2798021
3277675
4038122
1300204
2268661
2951894
3534409
387431
1734598
918604
2894063
3281803
5063208
3282574
5064491
2271937
2958608
3599294
1749509
4034930
5045792
2946401
3286988
4048099
5067483
2282760
3766983
4651751
3275543
5048618
2260506
2947284
4067015
5140880
3100338
3883949
1987542
3277344
4036016
5050403
1299967
2268163
2947669
3452321
4151357
5200729
1734297
2477477
3226824
3909520
4890490
917584
2064442
3277828
4038188
5057958
1300289
2270251
2952959
3553966
4324494
2588463
3246726
3945200
918626
2597284
3974697
5007621
2945712
3283753
4042614
5065158
2271993
2961354
3663906
4491713
1749608
3275016
4035041
5047955
2144898
3287741
4049684
5068024
4657672
3275613
4035541
5048698
2266991
3362221
5158012
1732863
3149614
3894434
4755202
2716008
3277390
4036395
5052910
1300009
2948074
4178115
5205088
1734381
2485084
3909899
4898617
918433
2857666
3277891
4038373
5060054
1310744
2271548
2954567
3554039
1734794
2597846
4017932
5020888
918724
2089647
2945942
3284711
4043709
5065503
2272051
2966216
3685522
1749662
2625198
3275199
4035189
5048253
2946987
3290007
4051236
5068405
2330821
3802147
4035642
5048799
1299772
2267863
2947459
3387303
4117555
5178270
1734132
3197861
3895752
4806410
4037958
5054732
1300076
2268325
2949432
4222998
5209951
1734416
2525352
3234064
3923411
2892431
4038852
5060538
2271763
2957058
3554132
1749373
2271863
2957620
3554202
2600196
4034769
2092644
3285018
4045856
5065806
1514085
2272186
2968720
3704673
4594310
3275349
4035331
5048377
2947122
3290774
4053243
5070775
2330867
3060021
4676800
1889968
3277185
4035701
5049061
1299888
2267935
2947516
4139782
5187381
1734222
3210889
3898841
912701
2774379
3277647
4038086
5056082
1300123
2268550
2951346
3525283
1734535
3236379
3923962
4905882
2894029
4039127
5061079
3281955
4040763
5064265
2271907
2958317
4445027
1749487
2606979
4034871
5045548
926297
2096148
2946224
3286388
5067298
1524945
2972526
3755234
4643515
1753444
3275474
4035386
5048535
2255344
2947205
3312743
4054733
5116838
2330924
4683143
4035839
5049677
2268100
2947610
4148156
5197138
1734267
2455597
3226796
3909051
4888318
917283
2064401
2805949
3277733
4038146
5057539
1300232
2268749
2952154
3547844
394331
2583292
3935697
4972231
918613
2087493
2940422
3283194
4041185
2271972
2958699
1749558
3274880
4034985
5045936
2120796
2946520
3287163
4048417
5067893
4657455
1764619
3275561
4035500
5048642
2266005
2947315
4067462
5147875
2330993
3889401
4743650
2018119
3277362
4036129
5050804
1299992
2268194
2947735
3458274
5202780
1734331
3228956
3909609
4897740
2067990
3277862
4038242
5059132
1300368
2271348
2953569
3553990
1734732
2593545
3246876
3959534
5007266
918637
2597671
3977956
5014518
918686
2088316
2945803
3284641
4043193
5065326
2272013
3275090
4035100
5048159
2946915
3288874
5068273
4659219
3275987
4035562
5048761
2267849
2947387
3367488
5171646
2347160
3191275
3895526
2731964
3277403
4037824
5053500
1300027
2268280
4198467
5206416
1734388
3232611
3911785
4899060
918460
2082839
3278098
4038423
5060229
1313136
2271670
2955480
3554144
4422210
1749397
2598531
4033697
918758
2090147
2946026
4045318
5065626
2967918
1749689
1749932
3275285
5048342
2947055
3290347
4051578
5068817
3806934
4673414
1863319
2645000
3277105
4035656
5048980
2267881
2947496
3400360
4122152
3202037
3896530
2760847
4038033
5055073
1300104
2268441
2950226
4234703
5221289
3234429
3923537
2894020
3278754
4038899
5060737
2271847
2957413
2271893
2958109
1749448
2605900
5045367
919242
2946154
4045978
5066787
2272265
2968871
1750209
3275390
4035353
5048472
2947145
4053707
5078989
3066728
4681799
1938269
3277254
4035738
5049195
1299917
2267988
2947561
4143425
5188213
1734229
3220505
3903662
4880122
914243
2064329
2785020
3277670
4038115
5056343
2268623
2951782
1734587
3240455
3927758
918597
2894057
3281709
4039297
5061690
3282554
4040908
5064404
2271929
2958591
4445177
1749508
3274789
4034918
5045787
926453
2109239
2946375
3286772
4047453
5067477
2282741
3761296
1762642
3275542
4035401
5048592
2257820
2947278
382568
5137254
3100233
3883860
4721814
1984550
3277343
4035951
5050379
1299959
2268152
2947653
3450542
4151311
382900
5199978
3226823
3909509
4890174
2064430
3277798
4038187
5057761
2268906
2952915
3553416
1734676
3944303
5002781
918622
918656
2945687
3283627
4042568
5065145
1465453
2271989
2961257
4491665
1749574
3274998
4035000
2946759
3287453
4049612
5067937
3781572
4657629
2632828
3275608
4035535
5048674
2266898
2947338
3358828
2331083
4751525
3277381
4036271
2268240
2947826
4176263
5205057
1734362
2484565
3231228
3909825
4898530
918432
2073521
2851615
3277885
4038372
5060037
1310134
2954547
3554035
1734776
3973552
2597783
918702
2089638
2945926
3284703
4043658
5065485
2272050
2965778
3685504
1749658
3275170
4035131
5048206
2946979
3289489
4050931
5068403
3276750
4035616
5048788
2947451
3382151
4102258
1734127
3895735
4802747
2738467
3277523
4037919
5054467
2268318
2949404
4217867
5208627
1734410
2513400
3234033
3923307
4899573
918472
2881607
3278214
5060374
1313672
2271699
2956335
3554117
4408091
1749370
2271861
2957556
3554184
4430909
1749414
2599232
3248057
4034736
918812
3285005
4045802
5065779
2272152
2968708
3697912
4594208
1749792
1750081
3275325
4035310
5048370
2947095
3290771
4052393
5069881
2330860
3059927
3811535
4676741
3277176
4035688
5049051
1299883
2267927
2947509
3405715
4137799
5187321
2063944
3277622
4038080
5056017
2268470
2950413
3524237
5228536
1734529
2554607
3236372
4905773
2894027
3280964
4039052
5061018
2271903
2958236
3593172
4440622
1749483
2606713
4034856
5045525
925653
2946216
3286291
4046624
5067175
2278570
2969550
3754685
4631880
1752392
2631281
3275458
4035376
5048512
2252952
2947182
4054626
5102022
2330916
3078421
4683099
1963471
3277303
4035787
5049551
1299929
2268088
2947598
5194768
3226788
3907075
3277684
4038131
5056641
2268725
2952072
3537451
387706
1734619
2582843
3933383
918608
3281855
4040598
5064203
3283139
5065070
2271956
2958691
3274838
4034975
5045878
2946417
3287135
4048386
5067852
2283170
3774255
4657309
1764154
3275557
4035471
5048639
2260822
2947313
4067427
2330974
3112807
2015404
2708143
3277353
4036120
5050675
1299986
2947733
4158811
5201576
2481741
3228182
3909580
4897181
918041
2066243
4038233
5058333
1300318
2953554
3553976
1734695
2591561
3246872
5002834
918633
2597510
3977606
5009506
918682
2945784
3284496
4043074
5065293
2272001
2962403
1749632
3275033
4035061
5048079
2946820
3288178
4050232
5068084
2302524
3792787
4658482
634131
3275625
4035558
5048731
1297883
2267814
2947365
3364273
4094069
3179875
4765051
4037794
1300018
2268270
2948737
3502184
5206230
1734385
2497723
3910285
4899046
918457
2075723
3278076
4038407
5060157
1312155
2954839
3554060
1749391
2597890
918745
2089858
2946007
3284749
4044925
2966770
4572021
1749684
1749891
2625944
3275261
5048263
2216559
2947031
3290328
4051319
5068516
2640582
3277104
5048960
2947478
3390966
4120764
5180816
3895884
4810863
3277570
4038025
5054867
1300102
2268428
2950224
5218571
1734428
3234380
4901876
918502
2087196
2894017
3278639
4038898
5060673
2271819
2957345
3554142
4417502
2958001
3554241
4435496
1749440
2605867
4034798
5045351
918854
2946125
3285131
4045969
5066582
2272250
2968855
3721009
4613829
1749852
1750186
3275384
4035352
5048429
2947141
3291039
4053544
5078231
2330892
3066394
4679605
3277212
4035729
5049185
1299906
2267967
2947557
4142628
5187612
1734228
3903572
4877440
2064296
3277665
4038111
5056272
1300193
2268604
2951649
4259739
3237870
4947521
918570
2894054
3281339
4039173
5061152
1371857
2087330
3282251
4040901
5064345
2271920
2958465
4445126
1749503
3274783
4034899
5045703
926343
2946324
3286741
4047331
5067471
2282353
2978604
3757641
4647193
1762540
3275534
4035396
5048577
2257802
2947266
3319005
4062173
4719624
3277341
4035950
5050324
1299957
2268131
2947642
3449683
4149614
1734281
3226822
3909488
917304
2064423
2809814
3277788
5057710
2268762
2952887
1734649
3938211
4988957
918621
2945620
3283576
4041790
5065128
2958985
3643250
4489371
1749572
4034995
2946735
3287435
4049601
5067910
3781524
4657557
1768694
3275601
4035527
5048673
2266856
4083111
5152434
3893468
4751408
2020870
3277378
4036238
5052625
1299995
2268222
2947771
4174178
5204846
1734354
3229475
3909760
2072627
2849948
4038296
1301133
2271524
1734750
2597734
3246976
4011964
5016190
918696
2945897
3284656
4043393
5065397
1486653
2272039
2965770
3683325
4543143
1749640
2625096
3275133
4035115
5048190
2946963
3289251
4050466
5068342
2315194
3014324
4663018
3276596
4035611
5048775
2267855
2947444
3380728
4095743
3196328
3895708
4800920
3277522
4037915
5054100
1300052
2268308
2949167
3506242
4209585
5208554
1734406
2512174
3233512
3923162
918466
3278174
4038504
5060371
1313670
2271698
2955867
3554107
1747149
2271859
2957544
3554163
1749408
2599176
4034727
5030292
918811
2946082
3284925
4045644
5065773
2272091
2968705
4586002
1749715
1749991
3275324
4035303
5048368
2947067
3290551
4052233
5068962
2330858
4035683
5049000
2267899
2947508
4125205
5186850
2395929
3209493
3897648
3277618
4038054
2268462
2950352
3520240
3235023
3923870
4905546
918533
2894023
5060962
2271901
2958215
3574904
1749475
2606075
4034855
2946170
3286262
4046154
5067125
2277019
2969439
3752919
4621719
3275411
4035369
5048507
2252785
2947180
4054588
5100458
2330905
3854023
4682474
2683756
5049515
1299921
2268075
2947577
4144741
5194653
1734239
3226725
3906992
4886014
916096
2064362
3277683
4038127
5056474
1300206
2268680
2951929
5264489
1734613
4956790
918607
2894082
3281812
4040550
1380830
2087379
2937678
3282945
5064852
2271938
2958639
4464447
1749546
3274828
5045865
2946413
3287076
4048252
5067507
2283095
3774235
4653747
3275547
4035430
5048629
2260507
2947311
4067279
382589
5146101
2330957
3112324
3887945
2001765
5050550
1299985
2268165
2947677
3456210
5201084
1734300
2478548
3227363
3909542
4892678
2064499
3277848
4038228
5058125
2270351
2953153
3553973
1734694
5002824
918631
2597291
3974703
5009133
2088051
2945783
3284378
4043051
5065282
2961392
3664031
1749619
3275023
4035055
5048058
3287743
4050081
1595436
2302347
3010541
3790591
4657921
1811671
3275615
4035553
5048730
1295560
2267774
2947342
382685
5164596
1733422
3895326
866803
2725805
3277393
5053021
2268267
2948086
3496676
4184407
5205875
1734383
2488316
3232343
3909974
4898630
918456
3277897
4038387
5060104
1311696
2954817
1737923
2597854
5022007
918733
2945998
3284734
5065575
1493777
2272079
2966620
3685703
1749683
1749883
3275202
4035190
5048255
2947013
3290208
4051257
5068425
2330838
4667051
3277054
4035649
5048894
1299850
2267869
2947462
4118931
5180383
1734139
3198963
3895879
4809409
5054744
1300097
2268412
2950204
3515729
5218510
1734419
3234336
3923465
918499
2894014
3278419
4038885
5060574
2271785
2957245
3554140
4414896
1749377
2271864
2957817
3554227
4434914
1749439
2601932
4034797
5045330
918832
3285043
4045947
5066577
2272208
2968838
3711950
4594423
1749828
1750170
3275383
4035350
5048412
2947131
3290907
4053353
5076102
2330885
3063680
3827683
4676851
1899696
2672906
3277198
4035720
5049068
1299890
2267943
2947527
5187470
1734226
3211019
3898955
2064194
2776131
3277662
5056188
2268600
2951440
1734539
3236705
918563
2894037
3281094
4039134
5061089
