1985095
2398028
2049337
2346297
1279146
403740
1685919
1903079
1538162
5212450
1601852
3277649
2824212
2952638
680196
1820831
873958
1820837
4262026
2554728
2547701
1300910
2711591
3244046
1820856
2926979
1266138
864202
2686165
1707052
4157629
2129819
3078852
2216666
1219270
2389438
2167858
2293417
816717
1266095
3740641
680324
4406125
877303
1982964
2326948
2636807
2209030
3240056
764724
2895301
1264017
3387294
2667648
3317847
3070476
3664410
3405104
3635120
2509592
710274
2277885
2304406
2460350
3291030
3335373
713287
2632946
3255062
401868
2904300
2549581
2346306
1519521
1820972
3448744
3770683
2372638
1498915
2973410
1627388
2903877
2552087
1801448
2616025
2125031
1456780
1939362
3806839
2856577
1904952
3858362
3054951
1410079
2870180
4123845
3645703
1851344
2546954
2763093
2858797
1706645
3944042
1187783
3182481
2697982
3068034
2346365
3958798
2720611
1348757
3853092
3327672
3991254
2351845
3190175
1315049
2254260
1916408
2616059
729034
2905606
3792422
4511593
3984244
4144076
1670784
2002602
1990522
1951674
3295725
3121579
3292590
2723472
2757424
4005767
1258533
1811276
3097945
1612578
1646332
4469651
2478321
1139944
3828034
559019
1407928
2313083
2336333
3431715
1271981
2856491
2908043
3233401
2980733
2509478
2880573
1663158
2088950
1442319
3252939
4810577
4535213
1934600
4490366
2199026
2557295
2353507
1626760
5060955
2861461
2876516
1789824
3273641
3954517
2708496
2856589
3680892
2585736
4490384
2628924
1870319
2864952
2994446
3597409
4359198
4027131
2030364
3093824
2492478
4343704
2212085
2666519
4804352
1953438
3027741
1964716
2291781
2530740
2980098
1534938
2980131
2865099
2291692
2877441
3416987
2661336
4029663
2084965
3210796
2402570
2013874
2084436
3787432
2873130
2607125
2876791
3094168
851265
3231632
3449122
1489605
3954449
4777564
4651243
3122729
3129814
3124096
1721611
402874
1297071
2069868
3850891
4754270
725150
2592361
3294097
2650121
2266823
3859960
4049205
1328562
2555849
3265795
2584576
3238519
3942440
875193
1513314
2214384
1350310
2063164
4465553
2737560
2728131
4064496
822466
3873307
3477480
2908296
1708764
4007441
4123170
4017941
3056783
2892322
2895486
1352468
4574421
1704049
1799313
3199785
3778388
3949382
2164856
3587910
2880715
1739293
1452594
1204512
2556666
4303571
4888820
4477862
1924024
2885237
2343900
3959490
3298809
1783674
2019745
3445453
2680396
3452190
5000152
2600858
3306320
747727
4725828
3098118
2834397
1845268
4362816
1515430
2938669
1986582
3536871
3271332
4261354
1350340
3126266
1707542
2521120
4656195
3199509
4026536
2898154
4067486
3948311
2483978
3959061
3802568
2737090
3097188
1429177
3893461
3982228
3016052
3950100
3054852
5029661
3523599
3016045
2271717
2343705
3315148
2558037
4090878
3017726
4078108
2884692
4407725
2979529
4216978
4324078
3512466
2529603
4461482
4997438
3960385
3383119
5068896
3986681
3317659
2056590
4091051
3958408
5163869
2535396
4418713
2310288
4218423
3365075
4923989
2744789
4379893
4405461
4445475
4526417
3814736
2693437
2932347
2059513
4438249
1470605
2899011
4680117
4212594
2484656
5051100
2898125
5199371
3755922
4169996
2890869
4123738
5270386
3964583
2898855
2633656
4218663
2747114
4637135
2995494
2706811
2975404
3863479
2664123
2897676
3370138
3089432
3463002
5005124
2607534
2979787
4788154
2306375
4334474
5028807
3228268
4524969
3689904
5171586
2600771
4125281
1580180
3804176
5256649
3808279
5275703
4243829
4811285
4349344
3970593
2760788
5068234
4062918
3706692
5195643
2901254
3297910
3309564
3824163
3387801
3914208
2704329
3094446
4998278
3194703
5092798
4074755
3258507
4545563
3742848
5212037
4730620
2650366
3002068
4282660
1794201
5007518
2480179
4005847
5139373
1515590
2886864
2194468
5218369
2600986
4177931
3344563
2661686
4315085
3425453
4877385
4425244
1957306
5012013
2485208
3211150
5163611
4121042
2897504
4616003
3798033
5251768
3806455
2979930
4220920
4797594
1031149
2674210
4339257
4944422
2390262
3963234
3141918
5054094
2504304
4059883
5184542
2600775
3297564
4645555
2989217
4248851
4817569
2333968
3903581
3089194
4361319
3460791
4991110
4477169
3597757
5078761
3250156
2146356
5203320
2600822
2904550
3301112
3310537
4704079
3828987
2641145
4268468
1784882
3390979
4834797
3937881
2708071
3097727
5004497
2473314
3991661
2037105
3263144
2179575
3767718
5212785
2600880
4171028
1675983
2290817
2657851
3414873
4862899
3110591
3206545
3653153
5154265
2579307
4094585
1523385
3275759
4592151
3790755
2601000
2607500
3356573
2304647
3868835
3027927
4915109
2376017
3544296
5026978
4043725
3228267
4523797
5171400
2600770
3807242
5275532
2616395
4236784
1720721
3378707
2323926
3893640
4344372
1867201
3968093
2760780
3160167
3579608
2876347
3239655
5193804
2600793
3297859
3309009
3821434
2994215
3910476
2699236
4373962
3474450
3983781
2805477
3194696
4482179
5092099
2163700
4727467
3001739
1794004
3941795
4402238
5006585
3194835
4498864
3642877
5130932
4572335
5216261
2600974
4177317
3858807
2661657
4310326
1818975
3423724
4869133
4422321
3535905
5011948
4512884
3662347
5159725
4101017
4611059
3793696
2601031
5264044
2979825
3366127
3878136
2672861
3440314
4941032
2749261
3559909
2503901
2866827
4526389
5180318
2600773
4141848
3297542
4643934
3812037
5276174
2628976
2988924
4248089
4815081
2329137
2691517
4360039
1877079
3458814
2763037
3179259
5075852
1486035
3249200
2140814
3724697
2600816
4161117
2253853
3310515
4690571
2266841
3828099
2999128
4264917
3388836
4830790
2345217
3490463
3194720
4075910
2174287
2929990
2961545
4186009
2289247
3851599
3005201
3412420
4862893
2353147
2727749
3108031
3527669
2483579
2856509
3203554
3651923
2566064
4092257
4587536
5230090
2600999
2979050
4215667
4784239
3863601
4322499
3428864
1246707
4433170
5025725
5171378
2600725
3293158
2210160
3802332
5253182
2607408
1718096
4808260
2323535
2679677
2758302
3575935
4060839
3238966
5193615
4150012
3297837
4677875
3821295
5280514
2991880
4256208
3386655
2342889
3908360
4372830
1877227
3466216
2454946
2803376
4069464
3255013
2153389
5204803
2600827
4163516
3310793
2647418
3000933
4280182
3402577
4844364
3510674
5006534
2475645
3194821
4491974
3638657
5129352
4085171
1515489
4571541
3773304
5213952
2943954
4176301
3332903
3858574
3421699
2361082
2735342
5011589
2484457
4014534
3206646
3657909
5158184
4099541
5244727
2607555
2979824
3365160
4790056
4336100
1834270
3437283
4941021
2387675
4439508
3551550
2495481
4049343
2866804
3228271
4526336
5173951
3297366
2212243
3808484
5275797
2988257
3898700
2688505
3084981
1877048
4965569
2403803
3975870
2762985
3164876
4469301
3589934
2521165
4063574
3714298
5197917
2600805
3298273
3310224
4689899
5288403
4829544
4387276
3487340
4998408
2821146
3194704
3625499
5096260
4075366
3259603
3751000
5212159
2600854
4169728
3851324
3002748
4286938
1794333
3942554
5009050
2480745
4007369
4502174
2563413
5227988
2600987
4184084
4215430
3355209
4783698
3018639
3428496
2368727
3123306
4431626
3538541
5022638
2487297
3223087
2082631
3677791
2593193
1562262
4621549
3799901
5251842
2607399
3806649
2980011
3890116
2674384
3058446
4342069
4949681
2391032
3963508
1265746
3142380
4459438
1981378
5055290
4060350
5193198
2898571
4148176
3297769
5280089
2989914
4819752
3905545
2697891
1877182
3982107
2774343
5081240
4068076
2877887
5203324
2600826
2274818
3940288
4400733
3504262
3992259
3194737
2038314
3636827
5124324
4083475
2600915
4172261
1680946
2964849
1697690
2658334
2355576
2731943
3111967
5010974
2484173
3206576
5154898
2895222
3275809
4597751
2205217
3791448
5234735
