10	2.0
100	2.0
1000	5.0
10000	175.0
20000	715.0
30000	1487.0
40000	2620.0
50000	3783.0
60000	5521.0
70000	7259.0
80000	10303.0
90000	13656.0
100000	16184.999999999998
110000	18569.0
120000	21966.0
130000	26693.0
140000	24355.0
150000	41346.0
160000	50153.0
170000	38033.0
180000	37207.0
190000	41784.0
200000	73678.0
210000	88849.0
220000	94884.0
230000	108805.0
240000	100703.0
250000	90976.00000000001
260000	104724.00000000001
270000	144877.0
280000	155635.0
290000	163331.00000000003
300000	98735.0
310000	153610.0
320000	202228.99999999997
330000	214906.0
340000	214737.0
350000	258942.0
360000	195270.0
370000	272334.0
380000	262190.0
390000	300829.0
400000	309193.0
410000	253181.0
420000	252257.0
430000	244866.0
440000	228194.00000000003
450000	355625.0
460000	408279.0
470000	416968.0
480000	431584.0
490000	378918.0
500000	317781.0
510000	292192.0
520000	348837.0
530000	381288.0
540000	540032.0
550000	535892.0
560000	619244.0
570000	350818.0
580000	367517.0
590000	376329.0
600000	669806.0
610000	537817.0
620000	705729.0
630000	564703.0
640000	611295.0
650000	806427.0
660000	837653.0
670000	833858.0
680000	911559.0
690000	709147.0
700000	801449.0
710000	692571.0
720000	555983.0
730000	764194.0
740000	719193.0
750000	738847.0
760000	779752.0
770000	636316.0
780000	858535.0
790000	772194.0
800000	1116167.0
810000	1213338.0
820000	1237247.0
830000	1155856.0
840000	1010137.0
850000	1347687.0
860000	1366473.0
870000	915427.0
880000	885788.0
890000	895922.0
900000	1032353.0000000001
910000	1088564.0
920000	1426678.0
930000	1431333.0
940000	1316298.0
950000	976033.0
960000	993232.0
970000	1028806.0
980000	1049590.0
990000	1046742.0
1000000	1006120.0
