10	2.0
100	2.0
1000	6.0
10000	283.0
20000	1197.0
30000	2520.0
40000	2844.0
50000	4009.0
60000	5925.0
70000	7883.0
80000	10409.0
90000	12449.0
100000	15923.0
110000	17893.0
120000	23010.0
130000	36012.0
140000	36878.0
150000	24424.0
160000	29493.0
170000	50274.0
180000	64112.99999999999
190000	47735.0
200000	45066.0
210000	49946.0
220000	55108.0
230000	103445.0
240000	108978.0
250000	122213.0
260000	132983.0
270000	145456.0
280000	105906.0
290000	95440.0
300000	99481.99999999999
310000	168015.0
320000	114007.0
330000	120133.0
340000	137310.0
350000	135067.0
360000	226680.99999999997
370000	297423.0
380000	287739.0
390000	300386.0
400000	175690.0
410000	184489.0
420000	194989.0
430000	258583.99999999997
440000	381557.0
450000	405040.0
460000	283183.99999999994
470000	237687.0
480000	325165.0
490000	272110.0
500000	432102.0
510000	506256.0
520000	529947.0
530000	516611.99999999994
540000	560497.0
550000	414807.0
560000	379034.0
570000	645648.0
580000	430924.0
590000	611537.0
600000	525808.0
610000	591486.0
620000	742072.0
630000	723124.0
640000	698977.0
650000	778745.0
660000	731001.0
670000	589353.0
680000	497235.0
690000	700535.0
700000	563775.0
710000	550720.0
720000	679001.0
730000	904713.0
740000	792530.0
750000	927159.0
760000	620576.0
770000	711117.0
780000	653322.0
790000	1217328.0
800000	745221.0
810000	750278.0
820000	747296.0
830000	749663.0
840000	1194842.0
850000	1158013.0
860000	1123166.0
870000	836572.0
880000	1119401.0
890000	904027.0
900000	1060205.0
910000	1214971.0
920000	1227772.0
930000	1221839.0
940000	1365051.0
950000	1357258.0
960000	1279887.0
970000	1019137.0
980000	1044785.9999999999
990000	1072470.0
1000000	1096003.0
