10	1.0
100	1.0
1000	2.0
10000	111.0
20000	416.0
30000	914.0
40000	1596.0
50000	2533.0
60000	3488.0
70000	4902.0
80000	5907.0
90000	8144.0
100000	9592.0
110000	11546.0
120000	14658.0
130000	16175.999999999998
140000	19929.0
150000	26027.0
160000	25899.0
170000	30080.0
180000	31793.0
190000	38313.0
200000	41365.0
210000	45450.0
220000	48443.0
230000	55230.0
240000	60061.0
250000	63553.0
260000	67818.0
270000	73983.0
280000	78233.0
290000	83277.0
300000	91180.0
310000	104281.0
320000	104962.0
330000	109108.0
340000	119749.0
350000	128616.0
360000	128812.0
370000	140028.0
380000	148270.0
390000	150212.0
400000	157652.0
410000	170082.0
420000	173623.0
430000	181679.0
440000	195456.0
450000	197005.0
460000	208178.0
470000	219844.0
480000	226574.0
490000	242412.0
500000	249353.0
510000	253794.0
520000	259329.99999999997
530000	272807.0
540000	283556.0
550000	302038.0
560000	296513.0
570000	309424.0
580000	322839.0
590000	333333.0
600000	347857.0
610000	358205.0
620000	368390.0
630000	371657.0
640000	402546.00000000006
650000	504036.0
660000	516512.0
670000	532271.0
680000	547788.0
690000	593491.0
700000	497813.0
710000	491186.0
720000	498952.0
730000	534925.0
740000	534070.0
750000	560205.0
760000	579654.0
770000	604398.0
780000	622804.0
790000	625881.0
800000	637058.0
810000	827531.0
820000	666999.0
830000	629537.0
840000	637373.0
850000	657638.0
860000	673231.0
870000	694355.0
880000	715624.0
890000	746633.0
900000	734633.0
910000	754457.0
920000	876263.0
930000	991937.0
940000	980181.0
950000	905803.0
960000	847863.0
970000	891762.0
980000	911617.0
990000	942205.0
1000000	950969.0
