2818606
4418579
1285152
378889
2928707
1338937
913439
596860
1299014
4953952
3743052
881633
954339
906875
3268611
2097540
379523
2216988
536773
901394
3295748
1155337
2033596
1364454
2588353
2869840
2624236
2634281
1968195
2150869
1256742
871403
5003766
1485487
2953984
2047513
1338898
848960
2706434
1430198
2755289
688055
876708
1832758
2102652
773645
3274757
2021501
2519600
3040380
1569432
4028510
2425295
1933415
4370592
804032
2120223
4470078
2068490
2893406
930047
768535
2549191
1421151
4458858
3534988
2964685
1734098
1093796
1697557
1023987
2373146
4389143
2044817
558620
2141033
3428118
5048256
2415693
1339076
4037891
2338948
2200808
3098394
2299409
2086715
1379779
1896879
1394331
666568
4569700
3500249
882498
2876867
1455434
883345
1647372
2055519
837518
3274763
1595553
2293136
2818766
3277669
868803
2583476
5038785
2619484
1496884
2623907
3350251
3277514
3782855
2423489
1592631
1513436
2002728
3398441
756800
2087076
2628393
2624537
1116465
2299721
2947024
2946786
2266946
2947139
3223531
1489644
1952654
2127015
2218098
1880747
2914391
3010102
2471743
2267813
4142256
912007
5047521
2596966
1593711
4034792
1299734
2680510
2087149
5063955
1873271
4432580
3277506
380657
2458902
381065
4037931
2994085
3247466
2628913
2325101
2625086
1095544
2638558
5057193
2746631
1672926
3052488
2633470
3247256
2168729
2765209
4377911
3246670
4066600
1816148
2451435
825835
3667248
2888970
3800794
4039372
1514037
2981172
1734172
384426
2076654
3232366
2586317
1299786
3246730
4036145
2634101
2660190
917663
2362106
2625380
3895677
5263932
2087284
3497526
2597498
1246547
1244083
3120736
1699117
3274024
2714035
3595631
4162756
3276998
1749896
2567273
2433051
2624673
1524220
2077157
1709880
664791
1745221
2253707
1513852
3919368
628932
2087533
2177028
1933755
3895515
1299823
3246596
3246776
1267717
3614919
3422084
2270898
2731131
2947022
3246578
3529702
2088307
3246937
3426093
1721383
5045433
4094622
3229408
2086994
1663665
2633703
2632149
3246831
2947121
1675936
3277544
2090776
3520293
1368908
2685333
3246860
1355835
4857269
1749482
2759227
944746
3246824
1749690
4755900
3248227
4338501
3246836
2088067
1772052
1816158
5002777
1468531
2088389
3280029
965263
5057869
1734163
1749909
4094267
1816154
4614507
1299417
2087118
3247291
2529529
1750026
1722702
3277511
3246826
3855724
917166
3246999
2105710
3106499
918299
2529536
2268632
2626565
2947318
3800333
1299336
3197038
2698555
4046635
3894144
1513897
2625116
2095921
3923315
1734379
4034936
2087357
380458
2087575
2999306
2632834
3374078
918424
2624503
3246509
918496
2268603
2626008
1734143
2632208
2698543
3951391
2624574
3246330
2087201
5235783
918316
4316253
3246778
2631496
2624288
3246965
2091121
2657995
3430753
2064343
2625511
1271572
5253318
2555846
1534867
4037842
2633036
3246898
2087177
3600068
2628050
4647186
2632666
2698900
1734044
627828
4284025
3274714
2628942
1749712
2631831
3275191
4035399
5048998
2946857
3361573
4149613
5200714
1297772
3896873
2695887
3277118
4037820
5057753
2267705
2947078
4324408
1299858
3231916
5002794
1734153
4038370
5064051
918371
2268174
2947355
3520466
1308839
2584860
4034723
5045556
1734514
2083176
3277835
4045910
5066800
918567
2954548
4657284
1749390
2607450
3274816
4035009
5048320
2945912
3284981
4053882
5151704
2271816
3007657
3827686
2633002
3275307
4035490
5049579
2946904
4156754
5205025
1299741
2302201
3906150
4898405
3277187
4037895
5058203
2267804
2947120
3517934
1299901
2456061
3234904
5002856
1734224
2812961
3277577
4038763
5064536
2268248
2947445
3549165
5045824
2945618
3277945
4046151
5067915
918642
2271533
2957945
3685501
4657641
1749426
4035117
5048372
2089482
2946000
3286409
4067161
5173036
2271896
4764946
1609108
2272031
3891279
4815406
3275556
4035665
2252430
2946955
4178102
5213119
1299802
2314856
3909608
1734083
3277246
4037972
5060112
2267888
2947170
1299940
2485082
3240440
3974569
1734311
3277612
5064971
918477
2268460
3554199
5048107
1749336
2945744
3281034
4048260
5068407
926252
2271620
2958541
3752885
4662071
1749469
3274982
4035166
5048494
2092619
2946164
3290327
4094062
2946378
4123339
5187611
2278492
3895462
4877417
2661687
4035761
2260484
1299814
2339128
3226784
3909936
1734115
3277326
4038084
5060621
2267950
2947229
3520366
4422182
1300008
1734343
2066175
4042613
5065567
918510
2947745
3599240
4597295
2599037
4034907
5048172
1749354
2087308
2945791
3283608
4050461
2271689
2968633
3781291
4679578
1749550
3275073
4035245
5048624
4143978
5197097
3149609
3895796
3277074
5056318
2266844
2947062
3229059
3923567
5002765
2766432
3277420
4038231
5062939
2268041
3520435
1300085
3246747
4033605
5045471
2072128
4045297
5066488
918550
2270127
2951643
3663850
4645968
1749363
2604223
3274756
4034968
5048272
2945868
4053096
2271806
4699404
1749595
2631266
3275142
4035290
5048762
1749843
2632485
3275234
4035425
5049252
2179907
2946888
3364272
4151334
5202109
2298757
4896728
1732581
1901411
3277155
4037881
5057913
2267783
2947102
3501876
4346947
1299882
3232868
3928882
5002819
394328
1734179
3277535
4038429
5064332
918397
2268226
2947393
4473508
1312059
4034748
5045643
3277884
4045965
5067390
2271481
2956280
4657516
1749406
3274859
4035040
5048332
2945952
3285074
4055922
5167591
3010759
3841167
4750747
2271948
3887906
4800917
1750022
3275366
4035536
5050549
2946920
4163184
5206205
1299780
2302491
3210776
3909421
4899014
1734038
1934953
2713263
3277220
4037933
5059023
2267819
2947135
3520184
2481724
3236365
5007618
1734256
3277591
4039130
5064854
918444
2268324
2947553
4534838
2597218
4034834
1748268
2087105
2945665
3278227
5068137
2271569
2958400
1749435
3274917
4035148
5048395
2089829
2946028
3287407
4083023
5178222
2272076
1775243
2642051
3276148
4035692
2255327
2946975
4209362
5221180
1299808
2335753
3226754
3909652
4904846
1734102
2733882
3277286
4038040
5060434
2267913
2947177
3520331
4414862
1299963
2513398
3977601
1734325
2064093
2876742
4040715
5065107
918485
2268527
2947696
3583755
4594199
2597781
4034868
5048118
1749347
2945777
4049586
5077265
926450
2271642
3757612
3275029
4035201
5048527
2946285
3290842
4114500
5187333
2946442
4139778
5191246
2282330
3895668
4879959
3277047
4035890
5055925
2265998
2947029
3449674
4258444
1299827
3226841
4956720
3277359
4038124
5061012
918325
2268009
2947289
3520392
1300024
2552462
5045347
2070599
2892417
3277685
4043481
5065682
918519
2268696
2947769
4621575
2599384
3274713
5048183
2945814
3284430
4051317
5133331
2271757
2968772
3784357
4682223
1749575
3275110
4035259
5048696
3275168
4035367
5048893
2946843
4149311
1297694
2292773
3179735
3896526
4890129
4037784
2267183
2947073
2395509
3231196
3923692
5002789
1734152
2018099
2774318
2268138
2947345
3520461
4034719
1734487
3277808
4045853
918555
1749378
2606966
3274779
4035005
5048300
2945904
3284885
4053537
5149499
2271814
3806895
4721783
1749889
3275286
4035476
5049565
2946902
5204795
1299739
3199191
4898364
382785
1733401
1933567
3277184
5057983
910667
2267802
2947109
4370526
3234384
3945169
5002846
1734223
2806029
3277567
4038495
2268246
2947411
3537305
2594128
4034773
5045760
1734686
2945616
3277938
4046098
5067836
918640
2957388
3684363
4657585
1749424
3274881
4035079
5048365
2088477
2945993
3286387
4067009
2271891
3853986
382552
2272028
3059961
3890999
4815210
3275555
4035650
5051909
2946945
4176323
5209717
1299797
2302630
3221949
3909533
4899556
1935279
2731109
5060061
915088
2267862
2947168
3520290
4394220
1299935
3237251
3973819
5022004
1734275
2857659
3277608
5064929
2268440
2947594
3554046
4551043
2597459
3246994
4034844
5048070
1749333
2945729
3280963
4047761
5068396
925431
2271600
2958468
4659215
2624917
3274972
4035161
5048490
2946155
3289214
4093763
3294613
4122149
5187406
2276945
3101337
3895461
4877070
4035747
5055210
2259926
2947001
4227561
5228457
1299813
2339019
3226766
3909811
4928124
1734113
3277320
4038081
5060566
918031
2267939
2947194
3520338
1299988
5029200
2065654
2881989
3277667
4041210
5065307
2947730
4595089
2598511
4034900
5048162
1749352
2945789
4050231
5115377
2271663
2966921
4676918
1749523
3275051
4035239
5048623
2946305
2946773
4143419
5194766
2283163
3895695
4885788
2683431
3277066
5056273
2266702
1299843
3228977
3923466
4966436
2001747
4038230
5062938
918346
2268037
2947309
3520425
4435474
1300059
1734445
2071278
3277774
4044953
5066324
918544
2268796
3642806
4643519
2603945
3274750
4034964
2087450
2945865
3284685
4052385
5146094
2271787
4683300
1749586
3275140
4035288
5048748
1749812
3275206
5049209
2177030
2946861
3363752
4150938
5201572
1299208
3196325
3898870
4896220
3277140
4037859
5057888
2267756
2947091
5283335
1299876
3232573
3927746
5002809
387703
3277521
4038408
5064219
918380
2268196
2947384
3520485
1310124
2587502
4034732
5045625
1734557
3277868
4045940
5067332
918578
2271338
2955802
4657303
1749403
3274845
4035029
5048330
2945947
3285026
4054622
5157761
2271828
381982
1749918
3275342
4035521
5049635
2946916
5205859
1299765
2302418
3208838
3906940
4898569
1733951
3277204
5058297
912673
2947123
3519957
1299912
3235885
1734249
3277580
5064834
918440
2268303
2947530
3246908
4034827
5045884
2945654
4046453
5067989
918749
2271553
2958396
4657920
1493764
1749434
3274911
4035144
5048380
2089614
2946018
3286634
4067461
2271910
3052145
3883845
2272047
3085803
3893438
1677501
2640569
4035677
5053831
2946971
5218568
1299807
3226738
3909632
2732722
3277267
4038037
5060383
917260
2267912
2947174
3520314
1299947
2511466
3277621
4040677
5065078
918484
2268496
2947667
3574898
2597647
4034867
5048110
1749338
2945773
3281633
4049490
5070736
926339
2271637
2958938
4667010
1749481
3275025
4035193
5048518
2946254
3290831
5187301
2946408
4131588
5190808
2280402
3112366
3895530
4879909
3277039
4035829
5055717
2265979
2947025
3444923
1299824
2352526
3226811
1734122
2758953
3277346
4038117
5060689
2267993
2947276
3520391
1300022
3246630
4011956
5045328
1734356
2892341
3277682
5065584
918516
2268684
2947760
3613851
4616627
2599117
3274644
4034928
5048181
1749358
2945800
3284377
4050921
2271739
2968762
4681800
1749564
3275091
4035258
5048638
2946816
4148154
5199504
1292187
2292742
3895913
4888565
2691709
3277093
4037020
5056689
2947072
5264481
2015188
2771656
3277423
4038273
5063573
918365
2268103
3520454
4449843
1300122
2582742
4034717
5045526
1734486
3277799
4045766
5066708
918554
2952000
3663922
4653746
1749376
2606670
4034999
5048298
2945899
4053377
5148976
2271811
3801346
4719219
1749622
3275145
4035337
5048859
1749884
3275269
4035470
5049448
2946897
3369944
4151764
5204521
3198883
3903398
1733243
3277177
4037888
5057980
2267796
2947108
5291145
3234334
3943151
5002839
1734217
2022755
2805931
3277555
4038467
5064363
918409
2268228
2947405
4490991
2589346
4034764
5045705
1734609
2942510
3277915
4046060
5067436
918624
2957331
4657527
1484193
1749420
3274863
4035072
5048364
2945972
2271889
3850197
4754640
1594499
2272016
3059926
3890951
4806391
3275443
4035596
5050915
2946930
4174115
5208278
1299790
2302580
3220444
3909508
4899353
1734061
1935253
2724695
3277235
4037936
5060036
914150
2267845
2947160
3520232
1299928
2482707
3237014
3973501
1734273
2838805
3277603
4040549
5064884
2268381
2947571
3552315
2597386
4034842
5048056
1749331
2945725
4047338
5068227
2958448
3704644
4658972
1749451
2624790
3274954
4035156
5048442
2946058
3288425
5180384
1206718
3100257
3895104
1811577
3276967
4035741
5054935
2257763
2946999
4222986
3226765
3909766
1734112
1962884
3277309
4038051
5060530
2267934
2947189
4417850
2525300
3978135
1734338
2879014
3277645
4040973
5065150
2268553
2947715
4594420
2597841
4034897
5048141
1749349
2945785
3283250
4050206
5088692
2271645
2966769
3774247
4676775
1749494
3275034
5048572
2946296
4118039
5187369
2946756
3318702
4142969
5194358
2282816
3895681
4883903
3277052
4036027
5056154
2266287
2947042
3456209
1299840
3228537
3923331
4959869
1734126
3277385
4038185
2268018
2947303
3520404
4434530
1300048
5045374
1734399
2070965
2894075
5066312
918543
2268748
3638535
2603820
3274749
5048202
2087387
2945860
3284643
4052226
5140091
2271786
2978595
4683142
1749582
3275123
4035284
5048708
1749788
3275198
5049147
2946858
3362169
4150103
5201194
3898839
4892642
1724156
3277128
2267748
2947084
3497567
5002805
2019689
2776075
4038379
5064194
918376
2268182
2947368
3520476
1309779
4034725
5045600
1734556
3277856
4045919
5067287
918569
2271271
2955144
4657302
1749401
3274819
4035018
5048327
2945935
3284997
4054022
5152433
2271818
3275310
4035495
5049611
2946908
3387242
4158810
5205071
2302338
3201934
3906917
4898534
1733862
2708129
3277203
4037929
5058223
912556
3519944
3235054
5002871
1734243
3277578
4038808
5064671
918429
2268297
2947500
4527644
2595400
4034821
5045839
1744757
2945652
3278172
4046365
918732
2271538
2958268
3685701
4657671
1749431
2624573
3274886
4035135
5048376
2089533
2946008
3286550
4067380
2271897
2272036
3078435
3893146
4819467
3275612
5053017
2252839
2946970
4184386
5218550
1299804
3226290
3909628
4901843
1734097
1938263
4037979
5060202
917250
2947171
3520296
4404592
1299946
3242072
3977109
5023054
1734323
2060969
2868899
3277616
5065015
918482
2268466
2947656
1371868
2597611
3247006
4034859
5048108
1749337
2945770
3281380
4048285
5068497
926306
2271626
2958582
3754649
2625070
3275003
4035187
5048510
2946185
3290699
5186592
2107904
2946385
3297648
4123757
3111094
4877584
3277029
4035784
5055662
2260493
5230001
2347138
3226787
3909957
1734120
3277338
4038085
5060668
918300
2267951
2947255
3520371
2534181
3999453
1734346
2068476
3277679
4043174
5065580
918512
2268655
2947753
2599058
4034926
5048179
1749356
2945792
3283752
4050659
5117146
2271710
2968754
3781570
4681784
1749552
3275078
4035253
5048634
2144879
2946813
4144731
5199010
2291292
3160328
3895907
4888230
1853004
3277082
4036852
2266849
2947063
3482151
1299845
3229395
3923578
5002773
1734150
2014722
2770993
4038238
5063537
918364
2268073
2947320
3520452
4445062
1300094
5045476
1734483
2076345
3277789
4045321
5066520
918553
2951989
1462817
1749364
2605893
4034979
5048290
3284751
4053158
5147874
980332
2271807
2993652
1749610
3275144
4035306
5048765
1749874
3275266
4035454
5049301
2193671
2946889
3367350
4151336
5203981
3901947
4897737
1733168
1928891
4037884
5057937
2267784
2947103
4355424
2439764
3234039
5002833
1734183
2022745
4038448
5064333
918404
2268227
2947398
3533441
4482729
1313669
4034761
5045691
2942305
3277890
4045981
5067406
918599
2271488
2957270
3683321
4657518
1481771
1749418
3274861
4035054
5048353
2088319
2945959
3285764
4062163
5171623
4751437
382009
2272008
3889373
4802738
3275400
5050609
755217
2946921
3405671
5206410
3216480
3909445
4899054
382821
1934986
3277232
4037934
5059810
2267828
3520231
3236837
3967329
5014512
1734259
5064861
918458
2268378
2947559
2597325
3246952
4034839
5047765
1749324
2945720
3279532
5068219
919107
2271583
2958414
3697879
4658445
1749443
2624757
3274924
4035153
5048420
2946050
3287517
5179088
2272206
3100215
3894359
3276592
4035712
5054695
2257762
2946996
4217707
5224380
1299810
3226761
3909685
4905776
1734103
1961438
2737416
4038043
5060511
2267932
2947188
3520332
4415101
3246409
3978132
1734327
2064178
3277636
4040879
5065143
918489
2268542
2947702
3588974
4594297
1380658
2597838
4034878
5048120
1749348
2087272
2945778
3282839
5078229
928002
2271644
2965074
3774197
4673749
1513900
1749485
3275031
4035210
5048561
2096021
2946292
3290984
4116055
5187358
2120748
2946734
4880069
2678904
3277049
4035958
5055983
2266201
2947041
3449678
5251775
1299828
3228161
3923327
1734125
1984533
3277384
4038132
5061071
918332
2268011
2947296
3520395
4434163
1300047
5045366
2070630
3277731
4043701
5065744
918530
2268700
2947961
4631806
2601869
4034939
5048201
2087383
2945859
3284492
4051574
5137241
2271762
2972418
3792690
4683094
1749581
3275115
4035274
5048704
634132
