5283722
2176201
1215988
1905218
2012630
1784162
2726193
892805
2939764
933964
2531667
2478029
1636710
3381863
2211097
1450225
3888395
2988963
400744
1574103
4467933
2392997
1641993
2671935
677530
1208091
5230728
3875513
1376193
2395322
1925557
3389871
1395842
3848046
1523478
2654788
5070440
3208717
1110531
1346618
1675914
4118094
2276629
3276038
1086274
1640048
1951985
1975455
1438016
3041899
3121235
1833524
1746515
3453488
1485970
1241897
1741592
1729656
756619
1613937
1657919
2205200
2019856
4807682
1532102
2782105
3046546
3265492
2572369
4699526
1880103
1772329
4205606
3616753
1638707
1597036
1649635
3096978
2346374
3292173
3369228
1497656
1893614
2485273
3809585
3495990
2574861
2519664
4500655
1613881
3748884
1216622
2905790
4451754
2125811
1741833
1207242
4809260
2524098
2528208
1624027
3711525
2558621
4875303
2803441
3693152
1536376
2553742
5049275
2791071
4805198
3363545
1716572
2526648
2432045
3621940
3908241
3048733
4862430
2153429
2138808
3761267
4339705
1552182
3986981
3542178
1841835
4526617
1150972
4188089
1689261
3248076
2110377
1433983
2711820
4495217
4959602
2931214
3420696
4554447
3688420
2332304
4728711
2659779
5182552
4840681
4911999
3398692
3914805
941239
4017417
1433687
3730349
2385495
2699324
5289063
1545940
4477983
2522265
4938983
3419978
3980568
4553409
3642599
4127340
3766351
4299565
5256007
4883015
2831261
2933951
3443434
1902840
4628433
5110375
1431171
5204456
3828503
2465381
4853077
4937301
3413672
3963905
3474762
4656955
5143143
4820259
2719836
1712027
4400613
2490325
1242661
1555781
3899510
4498705
933213
4967149
2932551
3441232
2240086
4599485
2584982
5093737
3575574
4160740
4761958
5188586
3126341
3815101
4847200
2745058
5277929
1782608
2134946
2517539
3925611
2208385
1355257
2942587
1637282
3617365
4656395
2622720
3086222
4201783
3241952
1706184
1754463
3847557
2094143
