[[46 19 35  2 18 10]
 [ 8 69 15  4 14  0]
 [21 24 85  0 25  8]
 [10 35 11 71 10 19]
 [ 3 29  1  0 65 39]
 [ 0  2  1  7 59 75]]
              precision    recall  f1-score   support

           0       0.52      0.35      0.42       130
           1       0.39      0.63      0.48       110
           2       0.57      0.52      0.55       163
           3       0.85      0.46      0.59       156
           4       0.34      0.47      0.40       137
           5       0.50      0.52      0.51       144

    accuracy                           0.49       840
   macro avg       0.53      0.49      0.49       840
weighted avg       0.54      0.49      0.50       840