[[110   5   8   1   4   2]
 [ 10  90   3   2   5   0]
 [ 14  15 123   2   8   1]
 [  0   2   1 147   6   0]
 [  2   1   2   1 126   5]
 [  3   3   2   0  16 120]]
              precision    recall  f1-score   support

           0       0.79      0.85      0.82       130
           1       0.78      0.82      0.80       110
           2       0.88      0.75      0.81       163
           3       0.96      0.94      0.95       156
           4       0.76      0.92      0.83       137
           5       0.94      0.83      0.88       144

    accuracy                           0.85       840
   macro avg       0.85      0.85      0.85       840
weighted avg       0.86      0.85      0.85       840
