[[115   6   5   0   3   1]
 [  7  93   3   1   5   1]
 [ 10   9 128   0  12   4]
 [  0   2   1 146   7   0]
 [  0   1   3   2 125   6]
 [  1   1   3   0  17 122]]
              precision    recall  f1-score   support

           0       0.86      0.88      0.87       130
           1       0.83      0.85      0.84       110
           2       0.90      0.79      0.84       163
           3       0.98      0.94      0.96       156
           4       0.74      0.91      0.82       137
           5       0.91      0.85      0.88       144

    accuracy                           0.87       840
   macro avg       0.87      0.87      0.87       840
weighted avg       0.87      0.87      0.87       840