5283952
3017160
4205072
2176184
2804957
3350894
2891517
2017029
3194642
3976484
2684211
2041393
3341891
2935194
4004807
4409114
2613152
4553154
2875473
2821720
3176692
3963743
2736764
4840983
3124738
2984471
2759542
2553380
2945059
2238123
4594137
2808668
3901977
4913893
3463681
3950920
4039700
3241459
4037832
5048350
3493023
3436239
4164659
2330922
2996882
4573986
2773687
3355438
3339055
4034804
3037774
2887433
2689081
4596731
3553103
4519970
4196299
4632308
4806003
2554329
1940681
4495345
2239433
3230623
4200427
5068826
3069702
3645187
4034861
4642569
3236743
4192469
3073837
2599256
3559276
3885048
5071019
3527953
4759176
2960190
3589437
4361210
4417221
4906062
4297422
4227802
4813474
3567689
3367335
3525878
3350725
4367438
4872926
4215064
2857877
3216398
3635632
4696691
3797924
3771460
3224389
5136033
2885578
2977958
4034874
3246749
1943772
4330326
4553237
3381454
3312195
4649301
3277619
4749868
3253681
3762906
2877701
3892430
2295902
3886586
4007707
4265482
3722277
5145603
3375297
3955866
3354502
3479029
2557099
3766314
3099961
4830305
3872073
3355208
4119007
3842107
4289853
4037786
3753305
4801830
4808506
4264181
4147173
2516189
4146597
4055133
2802787
4018269
2742689
3216737
2532654
3252314
3141771
3767983
4449570
4688498
4633010
4034823
3657455
4465022
4370147
4928134
4313935
4261371
4721495
3611983
2862275
2657991
4044910
4053985
3810074
4192029
2082635
4902900
4381834
4019842
3972903
4881672
5014003
4306690
4349325
4252042
4586726
4625848
4495045
3925958
3816736
4452646
2894035
4553121
4539627
2736563
3943440
3279843
4785495
4662199
4232854
4525731
2344218
4276524
3651569
4297411
3640259
2744453
4272800
4185837
2044684
4168607
3929786
4407051
4398212
4278028
4358462
4318229
4215872
3971147
4344332
4755960
3543545
4226823
4228917
4967823
3086288
4149291
5076959
4636325
4261757
4920054
3723148
3654177
3623016
3040888
4291963
4339747
2649408
4690457
4539713
2543047
4261758
3823110
3571919
3164690
2210129
4928826
4221719
4730684
4957080
3294505
4321229
4401607
3551652
4449734
2622122
4472532
3639173
4661795
3656091
4734356
4425715
3597454
3910700
4328557
2295823
4368579
2218121
3883173
4310999
4268519
4627754
3785836
4643715
3321008
4750785
4384217
4088254
4190333
3176903
4396847
4928158
2629515
4503377
3836525
4683231
4407307
3559621
4135451
4527610
3707849
3881177
3252560
4421273
4163081
4634649
4007877
4439096
4183044
4267455
4650824
4018362
4093922
4477031
5164774
3202861
4774493
3358465
4928184
4517284
5276550
2897280
4413064
4542789
2947721
4633105
3884649
3274826
3994701
4367596
4065863
2373592
4427821
4989582
3094885
4384144
4087596
2834926
3809628
4651558
4330261
3528955
4102181
3645223
3830600
4677180
2207950
4928325
4131526
4526484
3696052
4217266
3880863
3420295
4419840
4947321
4232163
4631100
4634122
3287396
4886599
4438629
4177743
3803666
4260555
3125833
4649442
3326619
1986256
4387936
4921230
3525724
4091479
2871073
3817108
4928182
4509879
5274482
4212457
3870129
4288868
3968119
4353845
4412526
4939350
2727349
3721720
2947243
3884625
4977202
4572876
4240876
3089132
4749559
4383473
3487797
2833553
3806521
4651430
4928123
3828499
4281169
4672704
3955443
4343813
4036939
2203110
4406805
4928215
4120685
3675477
3854826
3974113
4357654
4049881
4946455
3724452
4630631
4633938
3885861
4578378
3324044
4754722
4384583
4089469
4270324
4656333
3946662
4333640
4764380
4928178
3541005
4106029
2631159
5238195
3837603
3869291
3389955
4037851
4930274
3718707
2946744
4733663
3986815
2334781
3592663
4632880
4635041
4749401
4895137
4443101
3931257
4928038
4094487
4478758
5174628
3644386
2876934
4342907
2195457
4290295
4696870
4049784
4944467
4633414
4304060
4738869
3996147
4367940
4877388
3450751
2388710
4427973
4578162
4249627
