4133285
1724846
5256956
1370479
596480
1372138
411379
4971308
3750439
881902
411472
1438194
2713546
1372170
2125575
3784576
1607720
4093779
407497
2667106
1979559
1214185
3996684
2329006
2759518
776862
3302158
2034070
2637871
4093909
4395291
3855990
4514671
936761
5134613
1645668
2700607
1823576
1724798
5085719
2895908
4093837
3098022
2098421
3304456
3432087
1834425
1824019
847091
3301668
1615044
2630247
3303557
3300149
4344033
3290346
1542085
2350015
2992518
3222075
1822377
2131555
2350181
966172
1365597
5177496
410008
408781
4093777
3300528
3348898
3996635
4076534
862164
3996663
1829774
4067030
1823408
410923
1372586
4072745
4105147
967578
3380811
1271311
3996682
3934569
5005525
3909769
672883
2348761
2655540
1834534
1834612
1372072
3378838
4007070
3325251
2482937
3804620
2992523
2991789
4093984
3304371
2650433
967891
1823566
981233
4422754
1378019
1829778
4344747
1834306
1833974
1372632
1834075
4007080
5101139
1895643
4128731
1833941
4063409
2348487
968113
2348243
3013670
4695928
4063132
3301649
973852
1823591
4067369
1719989
3310741
968600
3996714
968939
1823726
2651518
408870
1823617
4398782
1636438
2707752
632580
4093753
967469
2990917
1824015
3012628
2348694
3309423
4396144
1372294
3996681
5098967
1834045
3107986
4081411
3312934
4980811
1374026
2992511
5101303
1834540
3301658
4093946
968664
2628937
3314721
5057389
1691299
3001376
4067439
5103811
2325456
3302340
4100513
970750
3534026
5085785
3004169
4067779
2348232
3304426
4149633
1209981
2991111
3981090
5093078
1824179
3012954
4075904
2349278
3310319
2992004
3996730
5100012
1834122
3228282
4082135
2350354
3313314
4980848
1380528
2992643
4067017
5102016
1834672
3301824
4093978
5083808
3002949
4067528
5146141
2346667
3303904
4102791
2717155
3709182
5085872
1823731
3006470
4067909
5202639
2348254
4152585
3304727
4247676
2991389
3996613
5095685
1833915
3013361
2349940
3311310
2992098
4003382
5100697
1834193
3250152
2350455
3313562
4993725
1405677
2993520
4067150
5102578
3301887
4094057
969021
2655533
3363842
5084116
3003709
4067614
5154386
2348105
973853
2790235
3755733
5085966
1823807
3010949
4068005
2348310
3011936
4068223
5268508
2348368
3305311
1372218
2991680
3996660
5096479
1833951
4078030
2349992
2350144
3312113
1372618
2992243
5101022
1834312
3263879
963605
3314099
4994435
1486667
2996581
4067300
5102868
411795
2131724
3302028
4094955
969063
5085696
1823596
3003918
4067681
5181674
3304242
4106333
974662
2857794
5086111
1823849
3012375
4069085
5291205
3307970
1372260
2991874
3996665
5097480
1834013
3073517
4080722
2350247
3312793
4980708
2992439
4046352
5101127
1834459
2514980
3314496
3000066
4067376
5103077
3302246
4099136
969148
2655621
3513138
5085751
1823620
3004132
5192218
2348227
3304285
4134028
2988979
5089624
2991047
3950450
5091409
1824077
3012669
4074632
5291749
2348764
3309783
2991954
3996686
5099546
1834091
3114909
4081987
2350299
3313228
4980823
1378626
2992525
4066488
5101508
3301708
4093960
968909
2629162
3314844
5083709
3002434
4067496
5129370
2339468
3302451
971402
5085840
1823716
3004283
4067802
5195242
4151471
3304582
4171459
1370969
2991345
3993472
5094123
3013155
4076250
2349886
3310764
1372398
3996781
5100400
1834139
3249544
4092182
2350396
3313507
4990779
1380914
2992786
4067101
5102425
411588
3301852
4093995
968999
2646904
3358236
5083884
1823555
3003333
4067554
5149532
2347702
4104209
3714126
5085903
1823772
3006889
4067922
5209876
2348273
3305104
2991458
3996647
5095886
4076742
2349969
3311719
2992131
4003625
5100829
1834230
3250220
4093801
2350578
4994353
1453505
2995742
4067239
5102650
3301936
969039
3366467
5085622
1823574
3003832
5173077
2348166
3304188
4105518
974399
5086001
1823828
3011014
4068060
2348330
3012188
5290348
2348401
1372236
2991796
5097043
1833965
3051837
4079520
2350070
2350184
3312339
2992307
4007611
5101032
1834415
4093855
967329
2486584
3314160
4994795
1597174
2998472
4067360
5102989
3302085
4096392
969105
2655594
3389597
3003970
4067730
5186805
2348216
3304275
4126486
2896002
5086160
3923030
5090156
1824007
3012522
4072371
2348608
3309163
5098693
1834042
4081318
2350271
3312890
4980810
1372969
2992497
5101180
1834538
4093944
2624984
3314651
5010090
3000161
4067414
2325454
3302327
4100476
969626
5085772
1823656
3004164
4067762
5193757
417566
3304424
4144807
2990810
2991095
3978229
3012921
4074969
2349061
3309944
4453015
1372365
2991998
3996718
5100000
1834116
4082130
758562
2350353
3313288
4980844
2992612
4067012
5102014
1834618
3301821
4093977
968953
5083767
3002851
5139879
2345719
4101378
3707682
5085870
1823728
3006077
4067902
2348251
3304470
4152579
1364483
3304719
2991380
3996605
5095298
1833574
3013339
4076297
2349905
4616653
1372434
2992093
4003358
5100651
3250150
2350442
3313561
4992642
2992987
4067133
1992660
3301880
4094048
969019
2655523
5084047
1823564
3003549
4067604
5153472
2347991
4105051
2787351
5085957
1823802
4067976
2348296
2348364
3305204
4334190
1372209
2991624
3996658
5096326
1833946
4077995
2349991
2350140
3311800
4710004
1372601
2992242
4006994
5101001
1834311
3259615
4093823
962688
2473630
3313946
4994427
2996221
4067280
5102863
3302005
4094569
969062
2655576
3379594
5085664
3003895
4067678
5180530
2348212
3304202
4106224
974576
3809207
5086107
1823841
3011909
4068164
3012347
4068938
5291159
2348486
3306837
1372256
2991864
5097420
1833989
3067686
4080702
2350214
4980690
2992406
4020256
1834441
2513419
3314449
4999193
1613509
2999389
5103046
2287523
3302190
2655620
5085741
1823618
3004053
4067742
5190750
2348225
2909023
3906677
5089232
1823955
2990975
3949793
5091288
1824022
3012649
4074208
5291620
3309660
1372303
2991943
5099543
1834076
3114672
4081809
2350298
3313097
4980822
4064528
5101405
1834550
3301700
4093957
968903
3314823
3001622
4067490
5109822
3302379
4100623
970883
3564195
5085834
1823710
3004281
4067800
2348241
3304449
4151343
2991209
3993398
5093357
3013015
4075986
2349832
4508562
1372382
2992038
3996757
5100381
1834137
3239673
2350376
3313467
4986140
1380840
2992778
5102392
1841667
3301843
4093993
968992
2641612
5083826
1823548
3003327
4067549
5148161
3303990
4103272
973586
3713659
5085902
3006881
4067917
5209801
2348270
4166329
3305089
2991405
3996643
1833927
3013413
4076736
2349961
3311669
1372491
2992115
4003437
5100817
3250200
4093796
2350559
3313667
4994165
2995470
4067192
5102620
411664
2036910
3301917
969033
3365954
5084852
1823572
3003818
4067630
2348128
3304145
4105458
974361
5085973
1823814
3010972
4068039
5231278
2348320
4068279
5288571
2348381
3305414
1372233
5096837
1833960
3037221
4078768
2350042
3312296
4763180
2992297
4007097
5101031
1834385
4093848
967288
2485109
3314141
4994454
2998146
4067338
5102968
3302078
4095919
969082
2655593
3384167
5085700
1823610
3003968
4067719
5183656
2348215
3304263
4122203
977947
5086126
1823872
1823997
3012520
4069768
5291489
2348595
3308497
1372273
2991917
3996678
5098646
1834026
3084119
4081177
2350267
3312845
4980785
1372748
2992470
4050209
5101178
4093937
3314627
5009007
3000094
4067384
5103182
2323333
3302291
4100468
969185
5085763
1823649
3004157
4067761
417563
2348229
3304410
4142415
2990028
3919430
2991062
5092520
1824153
3012747
5291830
2349021
1372362
2991971
5099970
1834106
3209309
4082095
2350331
3313242
4980836
1379899
2992600
4067007
5101784
3301818
4093976
2630148
3315445
5083762
3002688
4067513
2343997
3302924
4101004
5085857
3005605
4067838
5200853
2348247
3304468
4152529
3304597
4189025
1371965
2991358
3996589
1833533
3013285
672890
2349901
3311171
1372423
2992084
5100560
1834166
3250143
4093769
2350430
3313556
4991873
1381031
2992823
4067131
5102490
3301876
4094007
969017
3362915
5083962
1823559
3003460
4067586
2347822
3304076
4104645
973769
5085938
3009162
4067953
5211368
2348286
2348361
3305196
4287731
2991537
3996657
5096245
1833942
4077373
2349986
2350139
4708301
2992168
4006980
5100969
3250422
4093821
3313844
4994420
2996023
4067263
5102760
3301997
4094392
2655573
3379139
5085649
1823585
3003863
4067674
3304197
4105720
974523
2838481
3809137
5086083
1823839
3011774
3012234
4068906
5291052
2348429
3305818
4388040
2991837
3996662
5097226
3066497
4080559
2350092
2350210
3312655
4980653
2992358
4019874
5101095
1834430
3289297
4093899
3314448
4995263
2999164
4067368
5103021
3302159
4098562
969131
5085740
3004048
4067740
3304281
4132675
2905282
5088490
1823948
2990931
3940916
5090513
3012639
4073724
2348714
3309430
1372298
2991940
5099395
4081751
2350282
3313025
4980819
4063915
5101400
1834547
4093956
968887
2629124
3314801
1715133
3001499
4067452
3302352
4100562
970771
5085809
1823668
3004210
4067782
5194805
2348240
3304448
4150418
2991171
3983719
5093161
3012961
4075946
2349719
3310393
4503758
1372376
2992030
3996735
5100167
1834125
3239640
4082157
2350365
3313349
4980854
1380627
2992742
4067026
5102180
1835579
3301827
968967
5083809
3003213
4067535
2347422
3303986
4102971
973538
2719707
3713526
5085897
1823744
3006588
4067911
5205550
2348256
3304531
4154537
1369088
3304751
4254832
2991404
5095832
1833923
3013409
2349950
3311356
4649641
1372489
2992103
4003413
5100808
1834201
3250158
2350476
3313579
4993825
2993584
5102603
3301903
4094114
969032
2655539
3364293
5084145
1823571
3003817
4067621
5157981
2348110
3304126
4105224
974259
3764138
5085968
1823808
3010966
4068022
5226761
2348316
3011942
4068224
5281691
2348375
3305383
1372222
2991783
3996661
5096824
1833958
4078156
2350171
1372628
2992274
5101030
1834356
4093838
2484193
3314131
4994449
2997714
4067324
5102872
3302033
4095413
969072
2655588
5085699
3003954
4067698
5182607
2348214
3304250
974686
2873827
5086123
1823867
3012430
4069278
5291278
2348521
3308435
1372271
2991910
3996675
1834021
3083201
4081052
2350260
3312797
4980760
1372664
2992457
4046547
1834464
4093929
968368
2520308
5006795
3000083
4067377
5103129
3302252
4100340
969184
2655626
3519575
5085756
1823626
3004156
4067752
5193227
2348228
4139860
2989679
3910186
5089746
1823994
2991052
3955982
5092502
1824129
3012718
4074692
5291784
2348777
3309824
4438619
1372361
2991960
3996696
5099939
3120181
4082024
3313241
4980825
1379883
2992567
5101601
1834589
3301755
4093970
968926
3314919
5083714
3002572
4067510
5132340
3302639
4100960
971689
3702942
5085855
1823720
3004615
4067821
5200822
2348245
3304462
3304587
4172703
1371830
2991347
3996585
5094196
1833261
3013170
4076256
2349900
3311019
2992076
4001251
5100466
1834141
3250134
2350420
3313510
4990790
1381002
2992809
4067110
5102453
3301859
4093998
3360661
5083939
1823558
3003343
4067583
5151393
2347779
3304053
4104344
973749
3718592
5085929
1823777
3009129
4067936
5210328
2348278
3305134
4273495
2991493
3996653
5096077
3013727
4076775
2349985
2350107
3311721
4705063
1372516
2992137
4006976
5100849
1834286
3250225
4093805
2367252
3313720
4994416
2995933
4067252
5102693
3301956
4094308
2655555
5085647
3003843
4067668
5173798
2348200
3304192
4105528
974510
3807318
5086012
1823836
3011678
5253865
2348338
3012233
4068731
5290408
2348405
4371074
2991835
5097071
1833966
3060388
4080554
2350088
2350199
3312380
4980643
2992324
5101081
3288083
4093890
2502913
3314193
4995167
2998514
4067365
5103007
4096723
969114
2655598
5085729
1823615
3004039
4067737
5187003
2348223
3304278
1005253
2905133
3883311
5086557
1823940
