4935449
2359564
3640940
4784929
5020896
3449655
3980864
4590144
5277356
4819633
3301250
4379828
3500242
4016461
1734394
2481508
2685146
3344571
3848763
5145853
2268591
2894025
4044486
4659116
1800998
3377922
4464637
4738403
3229396
3786545
1322259
3242921
2159009
5249254
3015226
4144712
4347329
2802928
1699472
3089258
3671465
4837459
2660541
5104343
3509573
4023885
4644025
2488321
3122934
3698790
4225476
4878924
2689091
5161197
2275782
2896811
4673541
2532887
3751490
2324390
2945760
918315
1903032
2946992
2597687
4320552
2766206
3946675
4557006
5255628
2378649
4147972
4801920
3277011
5049004
3462983
4616772
2459363
3678922
4183451
5112596
4651000
1752116
3134166
3705415
2064299
2698542
3360291
5173539
3559624
3197900
3761501
4279181
4925524
1292311
2105188
2347213
2950659
4111808
3801202
4331583
5002099
2177026
4570635
5263041
3667265
4154750
4365534
5067374
1726836
2465646
3099756
3685932
4190852
4865206
3324822
3841667
2263272
2877854
3530697
4036470
2507894
4898979
3365635
2917426
4081241
4707538
4928224
4516137
2741770
1650002
2356661
3248309
3803464
5016607
1400850
2185692
3448432
1687728
3667526
2644174
3286141
4377431
1480638
3490032
4012945
4633738
1734068
2474891
3102535
4205759
4870346
2681544
2268072
2890925
3540229
4039422
3159622
2707346
3374785
3579710
4726954
2568161
3778721
4299616
4939688
2575285
3232198
4957641
4135805
4787356
1954260
3259762
4343730
5026711
2792488
3982011
4595062
3667690
4169312
4828719
1186730
3306608
4380739
1496198
5095799
2843990
4017510
3690451
4218793
2686212
3346420
4422760
2894045
4048038
4908018
2715627
1614933
5201107
2929645
4090202
1334496
2754755
5252926
1670647
4799366
3809851
4353926
1431232
2804984
3457605
3992313
1703465
3677310
2016535
4392102
3517395
4646172
1749360
3127404
1240016
2276132
4065526
4271410
3901989
4480377
5205746
2329261
4747703
2947611
3625205
1926098
2601250
3796650
4989654
3438378
3956448
1677231
3666892
4150125
3816856
5060963
2208390
3468649
4619211
3681533
4862794
2670818
4398803
5114732
2870485
4034818
4651222
4246784
2064490
3363135
3868091
4438519
5180586
2294079
4075487
4699604
4286278
4928057
3911186
