978320
5290958
1671341
1216025
1905229
2184733
2726212
893126
2960609
934008
2531920
2478262
1636716
3381773
1226597
1450424
3888454
2993479
1574166
4469453
2402577
1642009
2671961
680079
2032090
1208111
1375740
2395426
4089581
1395899
1573526
2654811
1349502
1678667
4118106
2276643
1086303
2250657
2297991
1438676
3124174
3042143
1838974
1729705
1633632
1677865
2022465
1535778
2802714
3265477
2575193
1773178
1597234
3096987
1718894
2346400
3369884
1891257
2485724
3496216
4441616
3749058
1741840
1208007
4809284
3848840
1626147
2168734
4875343
2526055
2791192
2302109
2558524
1536877
2649760
5158039
2526671
2432439
3622099
3912900
3049642
3963139
3816973
2160750
4862476
1653611
2138814
4339731
3103878
2002895
3099063
2711837
1845023
2110469
3664836
1434020
3551643
4192128
4526671
1419617
3987062
2223688
5188674
3088286
1757944
4508599
3918868
4853113
3420735
4957274
1663448
4228735
2558172
3768342
5256094
1784771
4571644
4818923
2332346
5291333
2719840
3963962
1242772
4128615
4977185
2934138
3689693
2585022
3848009
4477929
3126433
1545946
4657202
4849621
2385846
3416749
1626083
4039479
4940806
2490756
2834009
3618363
2546871
1706186
4554532
3443750
4967237
2522959
5101964
2282897
5277930
2659803
3907034
4656511
4843568
2824651
3747601
4375457
5204964
2699472
3325595
3931902
4728723
3436369
2094239
4960567
3640081
4282976
5093778
3815027
4601096
3401000
2945610
3730472
