2100833
2471057
2347746
3274345
2831131
3365951
2822869
2188626
2746440
1822938
2099979
3226752
2242210
1187983
2824361
4505147
1532588
2148782
2369232
2906458
3932671
2499369
3526675
3860775
3727272
1635915
3835481
4581446
3861919
1566647
2556803
3025922
3833232
2154982
2546970
3240855
3529843
3048781
4006466
3241985
4001131
3863524
2987238
961350
2154903
4445868
1614392
2668929
3139027
2569727
1485029
2975375
3767040
1875928
1723292
3773325
4017153
1434388
2757904
1665294
1891179
2217191
3682011
3327118
2191577
4433010
2241713
3964031
3807202
3787364
4017614
2529668
3918174
3901516
2393843
2558397
2821195
2188332
1959210
4388947
4099182
3244956
3293467
3858554
3810370
3750033
3887179
2953034
1975343
4229060
3014132
2912595
3711232
3693281
4295241
4175775
3783650
2036352
3567810
1355874
4609375
4170861
3277513
4507024
3889325
1905093
3287455
4388733
2924969
3787242
2603437
3553033
3268707
2679104
2755241
2002703
4136015
2063686
3186427
2629920
1163123
3789091
1999561
2429164
3863304
2197029
2441549
3848824
1387819
3503525
2670446
1858166
3418751
3086397
2209335
3158586
4035803
2492864
1513739
3655509
2822247
3891259
4574269
3173285
3520819
2301315
3219728
3902960
2556406
3790736
2985473
3074059
3648691
3810807
3970784
3787331
2189139
2892471
3436414
1628020
3618164
3158898
4579196
2208393
3850993
2161613
4170228
3625602
1907560
4554779
3564322
2771601
4347556
1587413
2454326
1370547
3106013
3025349
3677656
4311018
4259798
4326555
4527079
4406475
4382835
2558653
2697466
3090678
2550546
3131815
2130369
4411342
4290280
3896836
4489805
3907691
3909199
3049907
2697716
4619279
4138353
3280255
1712146
4009337
2031075
2330474
4204533
4286521
2402598
3464205
3303129
3114898
4048669
2441359
3509171
2974585
4074816
2869860
3790967
3574405
2611258
4046161
3361306
4223928
3439611
3339136
3582926
3609791
4540463
3617774
4509671
3572525
3148968
2877014
3494111
3589138
4299424
2222164
2019297
2161484
3428558
4409418
3675509
4017517
3087634
2665483
4370495
4034356
3929360
2547194
3131718
4630768
4592467
2681257
3064268
2010816
4354720
4316188
4082284
2356195
4342814
4295409
3089080
1969446
4301897
3438734
2961083
2735007
3467511
3986749
3214554
4484826
3890223
4159427
3234386
4174532
3318322
3693149
4449723
3968888
3411893
2113887
3469951
2765026
2696620
4100214
3669547
4217965
3052862
3952600
3377637
3618616
4080589
3798586
4549715
3677944
3318100
3701216
4460216
3953741
2963915
4246481
1836690
3459390
4586639
3864180
4638697
3631348
4177067
1434263
3968821
2993092
4264751
3410204
4029340
4332747
2103237
3468060
4082937
2762536
3649255
2368356
2892364
4185996
4202834
3355198
4482041
2511329
3988575
4281077
3428208
3801246
4534057
2140476
3491446
4603546
2690238
4389052
4148859
3280371
3668434
3366998
3769982
4003798
4353376
2160768
3509459
3856197
4107833
3612476
3891929
4162276
2953300
4238569
1810429
3377440
3782068
4012151
4311430
3447305
4576778
4065593
2734832
4132187
3236405
2299273
4175664
3320701
4451099
4465066
3957545
3391010
3788437
4507860
4078535
4375881
2192740
3868139
4135626
3246054
3640553
4407922
3330696
3350687
3733208
4477337
4272843
1943951
3795532
2596105
4033161
3843923
4597900
3200880
3578017
4141027
3277716
3659503
4419536
2387497
2899790
1648855
3756853
4483175
3436302
3802815
2621134
4037050
3125469
4347561
3501068
4608697
3222094
4391306
2221103
4152783
4432815
2396825
2918459
2946922
3373651
3774846
4303027
3810569
2639705
4051885
4121063
4400612
2290376
3618140
3897333
3699591
2463340
3953700
4245474
1835530
3381909
2569891
3454781
3819678
4581834
2664875
3903190
2869437
4176838
3722823
4470736
2990204
3409165
4509714
2584543
3468029
4596108
2677260
3184262
2195239
3573284
3872837
4647315
2759674
4412459
3912004
4201224
1957208
3425284
3800296
4533741
4034237
3109892
3486212
2688773
2214183
4145071
3927226
4214624
4001487
3048830
1982451
3806019
4042541
4353128
2157471
3855890
2705520
4107408
4162202
4435285
4502424
3444099
2657720
4061627
3543755
2733449
3234440
2855185
4174862
4449782
4463593
2480926
3956280
2074855
3462954
3829107
4591372
3173918
4372609
3866012
3635278
2880700
3328653
3345107
2502190
1938800
3418693
2595928
4031649
3095552
3838833
2680091
4084888
2200470
3577894
4140768
3659031
4419498
2377024
3917494
2894186
4189327
3358320
4482693
3031653
3433473
3802783
2612585
4605692
3221068
4389858
3889436
2396452
3929943
2916905
3941238
2946865
4219639
3370606
4490870
3055119
4565053
4115608
3232617
4400474
2273315
4165034
4244881
3378407
3784502
4505082
2664071
4068936
2185561
3863507
4634757
3619357
2867904
3324409
3699160
4454430
4466873
3964052
4263752
3406766
2579062
4021652
4331437
3831669
3178171
4381828
4647044
3911709
4200533
3734512
4478926
4279854
3422290
4342328
2130465
4598887
3579696
3886883
2782587
3279651
3661547
2390713
3926823
2922453
4213351
3364705
4553607
2622693
3130911
4352464
2156609
3508530
3855248
4611488
4391900
3609241
2825062
4434973
3374564
3781325
4009203
3073742
4306653
2029941
4575010
2656973
4357902
2169915
3543216
3861645
4123056
4403394
2294468
3704982
3956262
2966535
2573126
4017523
3087988
4317721
3827965
4074881
3173797
3563424
3245362
4407220
2324797
3907829
4178107
3343539
4473061
1934220
3791391
2589801
4029582
3095165
4334713
4597008
2679225
4084591
3574439
3876680
3746632
3989910
3027159
4282059
3801750
4535374
2611778
4034770
4344855
4604854
3220248
3939479
1715927
3808286
4560916
4353920
2160775
2710027
4394370
3617246
4162394
4441067
2958492
4244179
1819815
4014188
4311449
3448578
2661482
4067216
4360583
4634290
2734838
3902566
2867072
3320959
3714324
4508832
4018044
3177161
2339421
2887816
1513755
3333111
4199501
3983919
4277418
3483213
3844495
4598023
2683273
4086498
4387520
3578743
3886814
2774365
4143084
3279362
3660432
3924120
2904414
4205615
3362144
3761656
3998120
3039012
1977740
2622667
3130867
4351983
2700725
3224396
4391534
3889950
4158205
2399387
2949394
3778599
4007370
3443423
2649345
3139768
4356116
3534131
4620071
3233049
3898297
2835867
3691140
2439602
