2830755
3241512
1374035
1425418
1427960
440752
3752243
5078230
443410
442357
2298756
2672475
3542364
4136370
1016784
1991774
721234
2386364
781640
3351961
4136886
1371269
2721926
5037199
949546
1651465
2984156
1724842
2907482
4138519
2153216
1939247
1904846
3354787
5169313
1627536
3085451
4275470
2425281
2163215
1918247
1021745
2635132
4136868
2669631
4091945
1867204
4132321
2626407
1926146
1016400
4173756
1510855
4766695
3593859
2148029
1437333
3938220
3366398
4157241
1015578
1867328
1239443
1470552
4362290
1021992
1925781
3351953
2484837
1021478
1016680
1636216
1015896
1952033
1953849
4137333
1015881
3240579
718870
2484897
3378847
3045656
4069394
5080309
1946359
3082298
4137018
5154877
3137485
4150149
5194688
2469602
1435694
4171143
2485373
3053010
4126455
5085039
1953659
3083607
4139270
2425043
1021750
4153028
5200944
2471524
3360849
4171498
1437227
4172245
1437502
2513445
1916216
3059112
4127175
5094396
1954131
3084720
4142083
5166249
2427243
3349586
4156037
5208474
2481983
3366802
3370013
4173185
2720313
3780525
5066519
1918234
3070013
5119314
2137735
3085533
1016624
4146384
5178162
2428298
4158849
5209791
2484458
3378362
4176133
2985044
5078858
1939913
3080536
2159300
3085821
4149288
5189129
3356908
1428052
4167749
5273187
2485031
3379498
1903806
3046081
5084468
1947139
3083274
4137753
5154990
3230919
4151403
5198518
2471373
1437310
2486107
3056398
4126974
5085698
1953747
3084031
4140404
5160648
4154205
5206695
2476180
4171715
4172942
1454930
2634946
5030929
1916445
3064485
4127548
5100037
1957203
3085159
1016050
5173344
2428094
3350303
4157791
5208995
2483815
3369180
3376949
4173344
5069903
1925859
3071981
4132436
5120470
3085707
4148387
5184910
2430952
3353182
1427993
4166080
5221879
2484609
3378835
3045426
4068233
5079574
3082278
5154717
3133932
1017192
4150082
5193400
2469397
3357869
4169236
2485095
3380353
4648823
1903950
3047607
5084917
1953507
3083426
5155883
2424829
4152455
5200006
3360234
4171321
4172033
1437391
2511011
3550465
4982364
1916024
3058956
5092361
1953972
3084702
1013604
4141049
5166153
2425668
3349454
1212823
4154974
5208115
2481643
4173179
3770631
5047023
1917651
3068335
4129663
5119061
2137223
1016409
4145605
5176639
2428180
3351879
4158845
5209234
2484351
3369994
3378077
4174865
3078105
4136355
5137764
3085791
1016741
4149241
5187956
2435009
3355675
4166735
2484828
443343
3379350
1903691
3046062
5084372
3083153
4137699
5154918
3184649
5195163
2471371
3358803
2485762
3383539
3054217
4126903
5085671
1953730
3083892
5159729
2425241
3289197
4154140
2475309
3362717
4171673
1437291
4172874
1448550
5023010
1916403
3061269
4127463
5098784
1957200
3085052
4142720
2428076
3350262
1271220
5208889
2483499
3368127
3375895
4173293
2816459
5068668
3071794
5120248
2147812
3085702
1016663
4147729
5181384
2428318
3352221
4160577
5211441
2484568
3378786
4330422
449007
4065938
5079528
1943698
3081915
5154568
3116289
1017004
4149805
5193128
2462517
3357861
1434334
4168773
5348606
2485071
3379539
4616702
1903939
3047117
5084900
3083372
5155478
1021591
4151816
5198924
2471464
4171288
1437176
2487000
4956482
1915955
3058596
4127056
5091767
3084348
4140931
5163927
2425411
3349331
4154415
5207969
2479986
4171887
4173042
3762192
5038280
3067363
4128722
5115935
1999360
3085430
5174309
2428162
3350504
4158547
5209172
2484235
3369316
3377104
4174120
5077589
4133873
5136756
3085723
1016739
4149176
5185883
2434023
3355665
1428022
4166600
2484788
2484898
3379178
1867951
3045861
1946430
3083119
724496
5154889
3143440
1018515
4150695
5194860
2470761
3358798
2485440
3382206
1904066
3053447
4126592
1953675
3083738
4139303
5156608
2425219
3283002
1021871
4154076
5203145
2471528
3362089
4171558
1437260
4172424
1437536
2626150
3601732
5007912
1916219
3060621
4127403
1956218
3084830
4142715
5166999
2427499
3349745
4157234
2482694
3367243
4173266
1485577
3816365
5068127
3071448
4132128
5119705
2140877
1016654
4147377
5178558
2428303
1427952
4159004
5211274
2484550
3378640
2985376
4062690
5079163
1941272
3081676
4136596
5154537
3085981
1016794
4149578
5190867
2452814
3357143
4168179
2485070
3379523
1903855
3046208
5084494
1948040
3083276
774608
4137864
5155193
1021486
4151514
5198778
2471462
3358875
4171268
1437159
2486853
1915916
3056605
4126978
5089492
1953759
3084293
4140851
5161244
2425383
3330859
1022222
4154398
5207831
2478131
3364326
4171744
4173015
1455084
1917129
3066674
4127727
5114286
3085279
1016296
5174193
2428134
3350487
4157812
5209016
2484233
3377048
3899431
5075911
3075938
4133604
5136731
2150945
3085708
1016699
4148631
5185874
2432232
1428014
4166533
5243669
2484681
