1942176
2398015
749608
920644
1278441
379269
1685516
2086970
1601459
4608209
1963539
1673563
1115420
2781728
2624647
1571428
2928116
2497341
1880720
1130378
2267306
1749328
907604
873814
1096663
2891330
2378794
655718
1806828
2848234
1583262
2692522
1510167
2127000
790755
4090656
3436200
2545834
3456032
2705981
879889
1749345
2925584
1230402
863543
1299867
1674363
3556505
1951910
1642284
1895392
3052122
2612286
2065661
2040868
895875
2674080
1553610
444638
650336
2143050
1587281
1218495
2729780
2149862
2036474
2147093
1307142
786549
2315575
1181852
3985411
2736417
616728
869922
2619600
2145940
940920
3300435
1895663
656844
1623357
2713601
1221741
3217952
2057650
2145127
3331168
2850839
590829
1203203
1085516
1238766
2130541
513083
937226
2402286
2225008
3024844
974788
3174310
1514830
773475
1518894
1594159
846144
3077723
2466933
2039857
2213492
2064496
3550229
2628569
710109
2555228
2277882
2103836
2313936
3681645
2625030
1261907
2801662
2391891
705635
2686101
2775454
3445220
2639346
1238350
1553561
1902003
2252898
416755
4090621
3755603
4261240
2032076
1749346
2372558
1964880
1819807
1330021
2946541
1301681
2562560
2557178
2281813
2030573
1329524
1889068
1253221
2462598
885656
1739163
478328
3400265
1655658
3795782
1780913
2064739
2189030
1932751
3770123
2087011
1474584
2804182
968282
1256553
2456173
3618657
2748965
1796073
943407
3095783
2922223
1890755
4403002
2192078
3827874
2357382
3409520
1571871
1404385
2862818
2158464
3894704
2747362
4123806
1872639
2168784
2063651
1847460
1099765
3067107
1954529
2582230
1165371
1251497
1560228
3176947
2266508
2465296
1826320
3432167
2198881
4307925
4037796
3204445
2979715
3275844
1437267
1721935
1022409
2827230
1696041
861012
3617911
1253338
3186114
422700
3995341
3101554
802598
1287256
3409849
2576644
1548605
933973
1878947
2192170
2901855
2863672
728927
3324514
1607283
3207246
3835116
4417275
2719901
1859155
2339664
3314599
4622413
2839294
856638
1643784
2728891
1977239
3747500
3096201
1665901
3278148
1952486
3231907
4130093
1330940
2496852
2394499
1032241
3372749
3099839
1297061
3996006
3243421
3795604
1673767
2278248
2453788
1992162
1149364
3388864
1889524
3736630
1879712
1800121
3543263
3792811
3030660
3096521
4427309
1592073
3632861
1298150
1697905
2478305
4609761
3291639
2087046
2492976
3530461
2462660
2301872
3081133
3246166
1127597
556956
2301082
2355829
923182
1400000
4344777
3396664
1780515
1657678
1261483
2496821
3546661
1560016
430403
2295894
3661700
2875839
3156965
3175472
2195772
1870050
1947527
2364766
2060303
2783077
2991323
1589378
4662839
921389
1274021
1317722
2190646
1051386
807960
1659797
3251934
3243167
3438442
2818630
2568482
2050648
2280283
1933452
1991670
2906923
3151623
3274772
1246157
1750975
1835219
2479823
1584458
2190498
2353438
1337005
2339027
4531268
1600238
2708016
3655615
3216710
1936051
586093
2548955
1759418
3935383
2443300
2624455
2847568
1823034
2815466
2634725
3219522
4023352
3354359
1059281
2573235
4266293
2885547
3639350
2775066
3425286
3130306
4328924
1681713
2010493
3369900
1950818
2558125
2680998
2206765
2206951
2947049
2512253
3750901
3651404
3090652
3842786
1697852
4326315
1847071
1324578
1294090
2950418
2559522
2741326
3100844
1916570
4180868
4138030
3078443
1609280
2015813
1407653
584648
2243700
2550930
1506515
2142438
3544891
4490206
2706682
4029632
3474151
2064297
1511689
3884035
3396677
4480071
777576
1996018
2178911
3916248
2732073
4176312
3009159
2771242
3168003
2875945
2750614
4490323
3182707
2037518
2886811
2493177
2390309
3216730
2856314
2624409
3007205
3284979
4513040
2662560
2620048
3429552
1337288
4405710
2322604
4535217
3698890
2060534
3397421
1985538
2700503
2568055
1595088
1640756
2794489
2289002
3979225
2301900
4121242
2850104
2556849
1457002
2359854
2732893
2661203
849156
2748136
3317092
2757169
1885857
4561243
3246494
599199
4467321
3801790
1642032
3942760
3591186
3050086
4644239
3106288
3352981
3726015
3100670
3842988
2289976
2813680
3467514
3277515
1541626
1285636
2711560
2337765
3116924
1622508
2301917
2775035
3886456
2117316
4260023
709640
709630
2232185
2667663
3667290
1784264
2569845
1578252
1810459
2315091
1982088
2680290
2235488
3200966
2871004
4306606
4366740
4026506
3667331
3449017
3899845
1989132
1424169
3246718
2548917
2355920
2248233
2577887
1319428
3835055
3520256
2744173
1759692
1614788
1772590
2688094
3447109
2730093
872393
3683016
2005391
4211153
4183453
2063571
1253571
1299833
3086376
3380994
2705418
4515057
3447016
3817118
2711516
2967040
3097512
817721
4493780
3803878
3217482
2875282
3790858
1657034
3449686
4367774
3458791
4095021
1257841
4069006
3416828
2558177
4303718
3503366
1091070
3597992
3982593
3049335
4254844
4022655
4542493
4333837
3836676
2658114
3246752
3563194
4525378
4369365
1309625
1757155
3817324
1695969
1980927
1025871
565190
2240105
2867902
1793085
2016815
3142314
1440376
2514295
4035739
2162141
3519520
3668300
4409780
3115655
2523252
2517040
4087881
4335340
2050736
1617666
3277558
1414090
2241631
1909700
1707022
1776762
3639769
1074817
4296497
1168923
3246772
2220808
1894515
1926591
3807304
2027860
3546855
2341411
3326974
3812294
1566990
3927899
1731815
2737659
2008950
2738444
2967321
2395665
4292479
2292666
1513859
1726242
4086603
1668376
739663
3960115
2033857
4132292
2509752
3321860
2186906
3098269
3435204
1610650
1584614
3610369
2825045
1565824
1981526
1267785
2301958
2738521
1287624
2913021
3106143
3411411
3205389
4249837
3227648
3552651
4379382
4102941
4211804
4254363
4292177
1493058
3385942
2018997
3246374
3127731
4229637
4089114
3374476
2551986
1929705
3094211
1287667
3450622
2723799
3957047
771772
3453651
3967085
2640415
1678539
3705611
2302443
3870212
4038241
2140040
1897572
2642430
4648851
3162370
2341233
3743425
2447270
2066011
3596856
2640662
2255184
2078588
4151148
3844860
4400899
3828632
918293
2748102
4640586
4398566
1883908
3956664
2087408
3140888
2761820
4437244
4455340
2202987
3651053
2945636
1235200
2335058
2165869
4174730
4355959
2087376
3825584
4042023
4026929
2588247
4090696
3688114
2414784
2802394
1493897
1611269
4272195
2627059
2952886
2918701
3401432
4203539
2498151
2135552
3702527
4064629
2623937
2550759
3551214
4192800
4268125
3501863
1525558
2305341
4031759
3475102
1408305
4264865
3828888
3631368
4092451
2162421
2683085
3118661
2397083
3938374
3869956
3912175
4289279
4183967
4361367
3609409
3360659
2158139
3637987
4413469
2267856
2115531
2712007
2627682
4635428
2728146
1629771
4146788
2760939
4587678
2195170
918173
4596256
2740536
1661988
1530655
3873314
2975730
2143808
4333164
3751341
2026256
4624189
1136846
3341814
4128572
1960200
4491381
2051205
3802275
4394745
3611291
4264132
3677442
2323530
1025100
1220346
2740042
4633591
2294314
4347286
2714258
1581980
3822584
3984680
3785426
1590534
2632831
2481949
3453532
4403409
2738105
4125983
2290923
4344417
2625251
4393935
1593541
3920156
4262968
1943978
4368504
4160516
2857838
4340934
3437542
3245548
4174789
3905543
1796289
4600718
2936206
3945205
2628520
4287142
2560687
3783778
3448512
966709
2605755
3320261
4259067
1631154
2434616
2945934
3183933
3668498
4108608
4643305
2275841
3359260
3825917
3518300
2142464
2670949
3227731
4147709
4656391
2843821
3848242
3063559
4519065
3259751
3750287
3428238
3884719
4364726
1734301
4042752
4061754
4578159
3290691
4233258
2917405
3665580
4090212
4621628
2255447
3808903
2947012
3490026
3962894
3192521
3678198
4646647
3365028
4299288
1677218
3526974
4479995
2153558
3704513
4155511
4661087
2302383
3857415
1719754
3567922
4027394
2706036
3271504
4198353
2893853
4373264
4072828
4589982
3301204
3932762
4409709
2069388
2621787
3154647
3667205
4632371
4271398
1900761
2459354
2947545
3495232
3970293
2651626
3685255
4124762
4649895
2816251
3831641
4305681
2302562
3860782
4343717
1992543
4034791
2893865
3438339
4379603
2348015
2894059
3444069
3901949
1784867
2596916
4080102
4596939
3801444
3466196
4420926
2076709
3166205
4100782
4633727
2267979
3345426
4279076
1925049
2952098
3504665
3981987
3688215
4135789
4651504
2830857
3376135
3039199
4014311
1514193
2875196
4353116
1263098
4211331
2210094
3284633
3780523
4220021
2356157
1800981
4086424
2250714
3317246
2415624
4428462
2630127
3667678
4106049
4641033
1400815
3822870
1935221
2961271
3513799
2137511
3698016
4145941
4653332
2513541
3058151
4017923
3248054
2882592
1732580
4039659
3786790
2366544
2912574
3918084
4617262
2255166
3323834
3806957
2946758
4432973
2088621
2633805
3674461
2802395
2483885
2977361
4476580
2672488
3230117
3702832
2302219
4333211
1707345
2527382
3065456
3561431
4023952
4524250
1240081
2188787
2704192
3752212
4190795
2892701
1747239
3619173
4570598
3622909
4064742
2235161
2733884
3298800
4237240
3929169
4404452
1852098
2619342
3666994
2260319
3492012
3967377
4438864
2093972
2286126
3008061
4489566
1217395
3242859
4664636
1508603
2302475
2857028
794695
2537592
4532391
3274795
3759760
4202285
2893861
2342145
2893872
3899717
4380752
2040113
3306514
3796628
4247165
3935605
2074557
4632959
3341822
1651303
2947720
3977833
4453529
3211437
3687661
4650484
2292720
1684539
3024851
3539657
4491846
2684702
3244975
1513910
2302645
2870434
4345271
1726817
3089215
4035666
3277088
4205862
2349550
2897890
3444862
4390487
2598972
3122246
3640843
4083124
2246939
2741934
1619326
1877378
3667516
2786647
3821185
4283932
2470026
2953734
3508328
3983640
4464422
3689489
4651898
2297478
4319520
4016857
2176405
3733797
3870865
1731348
4038276
4543916
3778268
4216461
3286693
4224472
2359543
3448417
2604939
3129949
3657390
4087613
3805011
1882193
2945759
3956434
4430567
2631425
3183919
4642992
2275748
3356960
1669074
1937569
3517417
3991168
1205084
2670666
3383894
3847725
4328494
1699450
3061799
4022180
4517661
4185161
1537833
2890092
3428040
4363237
1734073
4556441
2575281
4052371
2231516
3290196
4231523
3924929
3140455
3662565
4089476
2255412
4264307
2946903
3960610
3191172
3677971
4116987
4646378
1419103
2806106
3828747
4296683
2488220
3999778
3232144
3703116
4659839
1496291
4335069
3068244
1244112
3756384
4195593
2323663
2893851
3433177
3104878
2238058
2919240
3932621
2067938
3667202
4627974
2265527
3816027
2947321
3493888
2644980
4649788
1433854
2289372
4304518
1954247
3535061
2682930
1510951
2859182
1723230
3577343
4034753
1253870
2708045
3277017
3765611
2893864
2347194
2893962
3901041
2596909
3118419
4079980
2244835
3309581
3801327
4249377
3462967
4418316
4099916
4633624
2267923
2779111
3343857
4276590
2465635
3503984
3981103
4455004
2120785
4135508
2295285
4316187
3542995
4501378
4178808
2302727
2871322
3410433
3868306
4352649
3583404
2201572
2715600
3776145
3284155
3779660
4219591
3911181
3126102
3645006
4601271
1322208
2745006
3803845
4254585
3472622
4427881
2629519
3352999
3822668
2473347
2959293
2667354
4653066
1478733
3380822
3843852
4017492
2693763
3248031
3736799
2310215
4360675
1731883
2562044
4039384
2221536
2729836
3785729
3449645
4399424
3134145
3660531
4088924
4616927
1330734
2253177
2752176
3323536
3806786
4261172
2946578
3480583
4431717
2087652
3672557
4112833
1410629
3360268
3827596
1670627
1943475
3520210
3229367
3702543
4150004
4657064
3386305
3848667
3065400
3561012
4023750
1240044
3260911
4189383
2892525
3884884
4367573
3099748
4046146
3101178
3622136
4064646
4579631
4236966
2378645
982260
1847709
2616786
3666972
2259906
2766719
3811236
4267068
2455737
2947047
3491969
2093856
3197649
4120604
4648003
1421632
3365500
3829380
4299645
2492575
3530293
4003156
4488648
1215328
2158034
4158031
3858277
4338482
2536924
3071777
3571844
4030185
4531769
3758859
2893856
3435223
4374879
1752109
4380694
2592473
4592785
2738332
3305456
3796517
4246745
2924198
3457661
2072661
3158961
3667260
4632845
2267817
2947652
3975036
4453297
2105106
2655072
3686893
4650463
2824658
4307499
3538306
4011411
2684646
3244216
2302636
3088059
3579667
4035178
3277056
3769792
4205732
2893868
3899148
2896605
3902835
2597673
4082271
2741599
3314210
4251929
2929606
3940176
4422705
2085240
3667453
4634308
2268028
2783721
3820526
4282958
2468931
3983019
4463085
1185475
2130036
3688330
4139050
3378468
3841999
4319357
4016427
2175951
2691320
3728653
4182077
2302788
1731307
3593866
4543081
3278143
2213741
3781913
4220952
1586882
2358739
3913934
2602541
4609643
2252438
3318139
4256791
2945758
3953122
4429707
3667728
4642593
2275055
4289899
3517246
3989223
4469001
2670604
3222246
3698809
4653910
4328422
4021000
4515949
1236806
2185681
2698737
3258179
3747122
4184637
3426641
3882813
4362687
866799
2567998
4041759
2231246
2731786
3289549
3788424
3450324
3923812
3140299
4089337
4619333
3807445
2448332
2946884
3488037
4434375
2636820
3189871
4115619
4646000
2804921
3363119
1945452
2485581
2988045
4477601
1212858
2673635
3703029
1495446
2849131
4334842
2530403
3067745
2705678
3755854
4193702
2893619
3432912
2573310
3099949
4050395
4574339
4065835
2235997
3300357
3794732
2380244
4405753
3667191
2771368
3335576
2947208
3492025
3968810
4447223
1433795
3830269
2493467
3012885
2158930
2681523
3243093
3717219
4162023
4669810
2302549
2858564
3859499
3574264
4033974
4533642
2893863
3437698
3893602
4378685
916613
2347158
2893877
4385654
2043891
3638386
4077344
4595451
3308384
3801187
2394822
2926139
3936925
2075964
3667304
2267876
2775936
3343818
3818782
4276408
3980714
2658128
3213852
3688110
4651285
3374748
3837300
4313880
3029754
3540383
4012887
1224414
2168181
3245785
1514045
2302696
2871251
3868261
1730003
3089911
3582911
4036278
2201024
3277507
3770589
2901675
3908419
4391951
1797233
3125241
3644549
4083715
2940319
3469479
3946639
4427733
3667629
4105412
2786967
2472852
2958744
3513036
4466319
4144295
3547778
4017438
4511506
2693330
4183438
3422334
3872563
4358197
2011911
2560708
4039268
4546151
2208377
2721810
3283441
4218758
4225388
3918071
4398708
2606482
3131337
3659840
4088720
4616723
3806681
3956723
2087472
3670228
4111740
2276120
2801709
3360252
3995339
2671348
3227760
4148217
4656793
3848487
4331465
3063637
1239968
2702165
4187366
1540950
2320007
2892009
3884844
2022752
4045930
4578716
1292288
2732903
4235275
2377552
2917730
3926925
2616214
3665989
4090231
2258686
2765329
3329410
3809481
2947021
4438482
3195044
4120223
4646849
2280896
2811475
3365251
4299492
2490410
3528097
2157854
4157758
4661498
2851562
3397856
4336037
2532871
3570838
2706253
3758321
2328852
3891963
4374749
2590881
4073898
4591490
3303209
2923465
3457073
3667247
4093078
4632499
3816840
1649994
2460638
2947628
3496178
4450891
2654857
3685929
1682683
3537195
4011126
1221695
4169237
3404412
3579003
4034920
3277044
3767427
2893867
3897756
2348850
2894078
4389461
2596941
3119828
3639398
4081183
4251374
3467080
3938378
4422319
3667384
4633888
2268005
3346391
3820399
4282695
1657171
2468406
2952636
3505825
3216573
3688277
4651748
2830865
3377915
3840914
3543735
1226732
2688792
2302775
3870180
4353783
1730627
4038101
3277627
3777048
4220151
3913278
2059691
2600954
3129586
4086595
2252316
2747506
3317538
3803950
2945667
3474022
2630276
3177436
3667698
4106467
4641595
2274679
2792419
4289481
2477261
2966403
3986614
2668145
3698670
1480623
2300221
3382059
4328297
1698276
1978949
3061440
4018454
2698571
2016487
4040880
1277486
2730459
3287836
4230468
4399796
4089306
4618363
2754710
3324509
2946798
3483022
2088796
3677154
4114652
3362276
3827984
4294169
3520277
4476882
2672635
3231061
3702848
3853286
1710626
3561597
1242413
3263668
2892887
1749239
3099882
4571673
3102007
4065303
3930138
3667082
4090671
4627852
2264690
3335286
3814850
2947117
3492021
3968459
4442593
3681501
4123041
4648674
3369329
4300990
4005075
4489673
3242886
4666789
2302511
3400316
3858482
2541194
3574254
4533543
3275642
2335200
2893862
2343511
2893874
3439887
922032
2594582
3638240
4074734
4594422
2242105
3799116
4247348
1614885
3460525
3935834
2075819
3160876
3667292
4633087
2267859
3342061
4275343
2950092
4454596
3213555
3687734
4130557
4651021
1453379
2294049
3374547
3028749
3540206
4012526
2685071
3721898
2302689
3867965
4346093
3582583
3277472
2900730
2053670
3122502
3641160
4083485
2247931
2742897
3803343
4254225
2402886
3174651
3667622
2270212
3351204
3821805
1658525
2958149
3509486
3984177
4464508
2133680
3690436
4143691
4320279
2503693
3051077
4017267
4182509
2877852
3419906
3871944
4357918
1731351
4039250
4545977
2207714
3281609
4217321
1581533
